0.1000 637.22157564328961 637.221429 0.000147 0.000000 0.000000 0.000000 0.000000 
0.4752 239.78785136728163 239.784726 0.003125 0.000000 0.000000 0.000000 0.000000 
1.1005 115.61905816696763 115.603889 0.015160 0.000009 0.000000 0.000000 0.000000 
1.9759 65.772711931067093 65.729995 0.042640 0.000077 0.000000 0.000000 0.000000 
3.1015 41.535850921345848 41.446754 0.088736 0.000359 0.000001 0.000000 0.000000 
4.4772 28.163327797592530 28.010332 0.151831 0.001155 0.000009 0.000000 0.000000 
6.1030 20.118699334659549 19.889585 0.226208 0.002869 0.000037 0.000000 0.000000 
7.9790 14.968333876317583 14.658192 0.304128 0.005895 0.000116 0.000002 0.000000 
10.1050 11.511418672370418 11.122549 0.378071 0.010494 0.000296 0.000008 0.000000 
12.4812 9.1008835617443307 8.641196 0.442307 0.016718 0.000638 0.000023 0.000001 
15.1076 7.3653280668793490 6.846188 0.493470 0.024401 0.001209 0.000058 0.000003 
17.9840 6.0805990595310542 5.514792 0.530410 0.033204 0.002062 0.000123 0.000007 
21.1106 5.1061399321656742 4.506313 0.553642 0.042699 0.003233 0.000236 0.000017 
24.4873 4.3500855275978383 3.727783 0.564695 0.052431 0.004729 0.000412 0.000036 
28.1141 3.7524528054781947 3.117613 0.565588 0.061987 0.006533 0.000665 0.000067 
31.9911 3.2718263980710485 2.632646 0.558431 0.071021 0.008605 0.001006 0.000117 
36.1181 2.8793950372599011 2.242404 0.545193 0.079278 0.010888 0.001442 0.000190 
40.4953 2.5548769464684797 1.925113 0.527592 0.086586 0.013319 0.001975 0.000292 
45.1227 2.2828548538611768 1.664111 0.507034 0.092853 0.015832 0.002599 0.000425 
50.0001 2.0526535629332536 1.447682 0.484657 0.098050 0.018363 0.003308 0.000594 
