0.1000 4.2296171906996296 4.229508 0.000109 0.000000 0.000000 0.000000 0.000000 
0.4752 4.1205034696026175 4.118235 0.002268 0.000000 0.000000 0.000000 0.000000 
1.1005 3.9554415264538911 3.944744 0.010688 0.000009 0.000000 0.000000 0.000000 
1.9759 3.7531828430711793 3.724064 0.029047 0.000072 0.000000 0.000000 0.000000 
3.1015 3.5313043230106578 3.472621 0.058349 0.000333 0.000001 0.000000 0.000000 
4.4772 3.3035118733758781 3.205805 0.096640 0.001059 0.000009 0.000000 0.000000 
6.1030 3.0790865283846842 2.936339 0.140118 0.002593 0.000036 0.000000 0.000000 
7.9790 2.8636542278472628 2.673707 0.184581 0.005251 0.000113 0.000002 0.000000 
10.1050 2.6602924562554064 2.424334 0.226452 0.009212 0.000286 0.000008 0.000000 
12.4812 2.4703636814976786 2.191989 0.263265 0.014472 0.000614 0.000023 0.000001 
15.1076 2.2942263798402678 1.978496 0.293664 0.020853 0.001154 0.000057 0.000003 
17.9840 2.1316405650555179 1.784291 0.317208 0.028058 0.001955 0.000121 0.000007 
21.1106 1.9820049417422558 1.608877 0.334099 0.035737 0.003044 0.000231 0.000017 
24.4873 1.8445240494325104 1.451200 0.344923 0.043540 0.004423 0.000402 0.000035 
28.1141 1.7183559531256727 1.309943 0.350464 0.051163 0.006073 0.000647 0.000067 
31.9911 1.6026173777495818 1.183649 0.351564 0.058362 0.007952 0.000976 0.000116 
36.1181 1.4964520774981129 1.070861 0.349044 0.064956 0.010010 0.001394 0.000188 
40.4953 1.3990455207509818 0.970183 0.343653 0.070832 0.012189 0.001901 0.000287 
45.1227 1.3095980447884383 0.880276 0.336051 0.075928 0.014431 0.002494 0.000418 
50.0001 1.2274124762658294 0.799958 0.326801 0.080226 0.016681 0.003164 0.000582 
