   0.0000000000000000        1.1251673001037541     
   1.0000000000000000        1.1247278817174597     
   2.0000000000000000        1.1234113841679005     
   3.0000000000000000        1.1212230640671197     
   4.0000000000000000        1.1181716286430738     
   5.0000000000000000        1.1142691559586770     
   6.0000000000000000        1.1095309850111066     
   7.0000000000000000        1.1039755774536881     
   8.0000000000000000        1.0976243531104197     
   9.0000000000000000        1.0905015018312829     
   10.000000000000000        1.0826337745570849     
   11.000000000000000        1.0740502567195365     
   12.000000000000000        1.0647821272912166     
   13.000000000000000        1.0548624069186658     
   14.000000000000000        1.0443256986196074     
   15.000000000000000        1.0332079245036823     
   16.000000000000000        1.0215460618883441     
   17.000000000000000        1.0093778820324988     
   18.000000000000000       0.99674169450636485     
   19.000000000000000       0.98367609996425953     
   20.000000000000000       0.97021975379578362     
   21.000000000000000       0.95641114280907413     
   22.000000000000000       0.94228837675652877     
   23.000000000000000       0.92788899615774545     
   24.000000000000000       0.91324979751530999     
   25.000000000000000       0.89840667666480500     
   26.000000000000000       0.88339449065871578     
   27.000000000000000       0.86824693826153854     
   28.000000000000000       0.85299645883613118     
   29.000000000000000       0.83767414913398375     
   30.000000000000000       0.82230969726809555     
   31.000000000000000       0.80693133294905561     
   32.000000000000000       0.79156579290403828     
   33.000000000000000       0.77623830027502549     
   34.000000000000000       0.76097255670595720     
   35.000000000000000       0.74579074577718385     
   36.000000000000000       0.73071354642714248     
   37.000000000000000       0.71576015501282597     
   38.000000000000000       0.70094831469879459     
   39.000000000000000       0.68629435092558766     
   40.000000000000000       0.67181321178831432     
   41.000000000000000       0.65751851225100000     
   42.000000000000000       0.64342258122777118     
   43.000000000000000       0.62953651067436522     
   44.000000000000000       0.61587020594898378     
   45.000000000000000       0.60243243681681213     
   46.000000000000000       0.58923088858454897     
   47.000000000000000       0.57627221295742215     
   48.000000000000000       0.56356207830919292     
   49.000000000000000       0.55110521914392130     
   50.000000000000000       0.53890548460541343     
   51.000000000000000       0.52696588595563276     
   52.000000000000000       0.51528864299645893     
   53.000000000000000       0.50387522945012264     
   54.000000000000000       0.49272641734283784     
   55.000000000000000       0.48184232045428926     
   56.000000000000000       0.47122243690374832     
   57.000000000000000       0.46086569094283825     
   58.000000000000000       0.45077047401675613     
   59.000000000000000       0.44093468514147438     
   60.000000000000000       0.43135577062562908     
   61.000000000000000       0.42203076314391452     
   62.000000000000000       0.41295632014525491     
   63.000000000000000       0.40412876155518829     
   64.000000000000000       0.39554410670893236     
   65.000000000000000       0.38719811043060287     
   66.000000000000000       0.37908629815588324     
   67.000000000000000       0.37120399998081116     
   68.000000000000000       0.36354638350878576     
   69.000000000000000       0.35610848536173650     
   70.000000000000000       0.34888524121979836     
   71.000000000000000       0.34187151425681611     
   72.000000000000000       0.33506212184639911     
   73.000000000000000       0.32845186042478131     
   74.000000000000000       0.32203552841202665     
   75.000000000000000       0.31580794711165350     
   76.000000000000000       0.30976397952997403     
   77.000000000000000       0.30389854707974079     
   78.000000000000000       0.29820664415738601     
   79.000000000000000       0.29268335060858675     
   80.000000000000000       0.28732384212238343     
   81.000000000000000       0.28212339861898311     
   82.000000000000000       0.27707741072007513     
   83.000000000000000       0.27218138441236855     
   84.000000000000000       0.26743094403464773     
   85.000000000000000       0.26282183373546808     
   86.000000000000000       0.25834991756232178     
   87.000000000000000       0.25401117835342607     
   88.000000000000000       0.24980171561003384     
   89.000000000000000       0.24571774253027806     
   90.000000000000000       0.24175558238502609     
   91.000000000000000       0.23791166441218073     
   92.000000000000000       0.23418251939849377     
   93.000000000000000       0.23056477510756090     
   94.000000000000000       0.22705515169957652     
   95.000000000000000       0.22365045727306854     
   96.000000000000000       0.22034758364165483     
   97.000000000000000       0.21714350244034750     
   98.000000000000000       0.21403526163657807     
   99.000000000000000       0.21101998250142531     
   100.00000000000000       0.20809485707696940     
   101.00000000000000       0.20525714615674165     
   102.00000000000000       0.20250417777827984     
   103.00000000000000       0.19983334621022311     
   104.00000000000000       0.19724211140148765     
   105.00000000000000       0.19472799884710415     
   106.00000000000000       0.19228859981447752     
   107.00000000000000       0.18992157186525702     
   108.00000000000000       0.18762463960177192     
   109.00000000000000       0.18539559556308674     
   110.00000000000000       0.18323230119413755     
   111.00000000000000       0.18113268781202210     
   112.00000000000000       0.17909475749620807     
   113.00000000000000       0.17711658383401835     
   114.00000000000000       0.17519631245904457     
   115.00000000000000       0.17333216132789761     
   116.00000000000000       0.17152242068967402     
   117.00000000000000       0.16976545271241603     
   118.00000000000000       0.16805969074140562     
   119.00000000000000       0.16640363817504272     
   120.00000000000000       0.16479586695505416     
   121.00000000000000       0.16323501567855311     
   122.00000000000000       0.16171978734975920     
   123.00000000000000       0.16024894679875079     
   124.00000000000000       0.15882131780320299     
   125.00000000000000       0.15743577995649458     
   126.00000000000000       0.15609126533166753     
   127.00000000000000       0.15478675499537295     
   128.00000000000000       0.15352127542906646     
   129.00000000000000       0.15229389491628151     
   130.00000000000000       0.15110371995482658     
   131.00000000000000       0.14994989175127535     
   132.00000000000000       0.14883158285224224     
   133.00000000000000       0.14774799396278715     
   134.00000000000000       0.14669835099704243     
   135.00000000000000       0.14568190239996953     
   136.00000000000000       0.14469791677225097     
   137.00000000000000       0.14374568082289457     
   138.00000000000000       0.14282449766639710     
   139.00000000000000       0.14193368547346821     
   140.00000000000000       0.14107257647656227     
   141.00000000000000       0.14024051632396337     
   142.00000000000000       0.13943686376909031     
   143.00000000000000       0.13866099067514653     
   144.00000000000000       0.13791228230937033     
   145.00000000000000       0.13719013789601325     
   146.00000000000000       0.13649397139286612     
   147.00000000000000       0.13582321245271248     
   148.00000000000000       0.13517730752854981     
   149.00000000000000       0.13455572107978772     
   150.00000000000000       0.13395793683592386     
   151.00000000000000       0.13338345907439286     
   152.00000000000000       0.13283181387035417     
   153.00000000000000       0.13230255027811078     
   154.00000000000000       0.13179524140656090     
   155.00000000000000       0.13130948535454443     
   156.00000000000000       0.13084490597605786     
   157.00000000000000       0.13040115345000411     
   158.00000000000000       0.12997790463430739     
   159.00000000000000       0.12957486318975092     
   160.00000000000000       0.12919175946466410     
   161.00000000000000       0.12882835013745467     
   162.00000000000000       0.12848441761983295     
   163.00000000000000       0.12815976922925421     
   164.00000000000000       0.12785423614449223     
   165.00000000000000       0.12756767216322495     
   166.00000000000000       0.12729995228494101     
   167.00000000000000       0.12705097114629374     
   168.00000000000000       0.12682064133912871     
   169.00000000000000       0.12660889164377881     
   170.00000000000000       0.12641566521179476     
   171.00000000000000       0.12624091773308402     
   172.00000000000000       0.12608461562246032     
   173.00000000000000       0.12594673425992048     
   174.00000000000000       0.12582725631759759     
   175.00000000000000       0.12572617020436794     
   176.00000000000000       0.12564346865658851     
   177.00000000000000       0.12557914750047358     
   178.00000000000000       0.12553320460828302     
   179.00000000000000       0.12550563906684381     
   180.00000000000000       0.12549645057303976     
