   0.0000000000000000        1.1239639987794479     
   1.0000000000000000        1.1235322269920724     
   2.0000000000000000        1.1222385122489982     
   3.0000000000000000        1.1200876440604399     
   4.0000000000000000        1.1170875639385809     
   5.0000000000000000        1.1132493044183602     
   6.0000000000000000        1.1085869047334611     
   7.0000000000000000        1.1031173041729234     
   8.0000000000000000        1.0968602144068047     
   9.0000000000000000        1.0898379723105629     
   10.000000000000000        1.0820753750337222     
   11.000000000000000        1.0735994992454510     
   12.000000000000000        1.0644395066453922     
   13.000000000000000        1.0546264379503383     
   14.000000000000000        1.0441929976548383     
   15.000000000000000        1.0331733319159560     
   16.000000000000000        1.0216028019291845     
   17.000000000000000        1.0095177551447965     
   18.000000000000000       0.99695529662292537     
   19.000000000000000       0.98395306274360561     
   20.000000000000000       0.97054899937710126     
   21.000000000000000       0.95678114648333923     
   22.000000000000000       0.94268743095025442     
   23.000000000000000       0.92830546930306823     
   24.000000000000000       0.91367238172374265     
   25.000000000000000       0.89882461861594865     
   26.000000000000000       0.88379780073982916     
   27.000000000000000       0.86862657372643237     
   28.000000000000000       0.85334447756763143     
   29.000000000000000       0.83798383146716626     
   30.000000000000000       0.82257563423527691     
   31.000000000000000       0.80714948021612887     
   32.000000000000000       0.79173349055641551     
   33.000000000000000       0.77635425945716940     
   34.000000000000000       0.76103681490068464     
   35.000000000000000       0.74580459321182091     
   36.000000000000000       0.73067942669859309     
   37.000000000000000       0.71568154352146440     
   38.000000000000000       0.70082957886406516     
   39.000000000000000       0.68614059642003389     
   40.000000000000000       0.67163011917064752     
   41.000000000000000       0.65731216840508178     
   42.000000000000000       0.64319930992840435     
   43.000000000000000       0.62930270641049835     
   44.000000000000000       0.61563217485062027     
   45.000000000000000       0.60219624816570527     
   46.000000000000000       0.58900223995422463     
   47.000000000000000       0.57605631153982773     
   48.000000000000000       0.56336354045847947     
   49.000000000000000       0.55092798961786815     
   50.000000000000000       0.53875277642687436     
   51.000000000000000       0.52684014126459044     
   52.000000000000000       0.51519151473129332     
   53.000000000000000       0.50380758319681529     
   54.000000000000000       0.49268835223375645     
   55.000000000000000       0.48183320759303971     
   56.000000000000000       0.47124097344655386     
   57.000000000000000       0.46090996768539871     
   58.000000000000000       0.45083805412194328     
   59.000000000000000       0.44102269149908913     
   60.000000000000000       0.43146097926046384     
   61.000000000000000       0.42214970008053110     
   62.000000000000000       0.41308535919365080     
   63.000000000000000       0.40426422059593781     
   64.000000000000000       0.39568234022338755     
   65.000000000000000       0.38733559623428288     
   66.000000000000000       0.37921971654354875     
   67.000000000000000       0.37133030377172949     
   68.000000000000000       0.36366285778189306     
   69.000000000000000       0.35621279598436706     
   70.000000000000000       0.34897547159209963     
   71.000000000000000       0.34194619000902693     
   72.000000000000000       0.33512022353047072     
   73.000000000000000       0.32849282452870182     
   74.000000000000000       0.32205923728877367     
   75.000000000000000       0.31581470864994687     
   76.000000000000000       0.30975449759686619     
   77.000000000000000       0.30387388393248282     
   78.000000000000000       0.29816817615186897     
   79.000000000000000       0.29263271862288265     
   80.000000000000000       0.28726289816637290     
   81.000000000000000       0.28205415011555346     
   82.000000000000000       0.27700196392152893     
   83.000000000000000       0.27210188835993077     
   84.000000000000000       0.26734953638237657     
   85.000000000000000       0.26274058964613450     
   86.000000000000000       0.25827080274605152     
   87.000000000000000       0.25393600716456172     
   88.000000000000000       0.24973211494847325     
   89.000000000000000       0.24565512211524651     
   90.000000000000000       0.24170111178662360     
   91.000000000000000       0.23786625704371972     
   92.000000000000000       0.23414682349498858     
   93.000000000000000       0.23053917154677850     
   94.000000000000000       0.22703975836541848     
   95.000000000000000       0.22364513951984200     
   96.000000000000000       0.22035197029457335     
   97.000000000000000       0.21715700666438328     
   98.000000000000000       0.21405710592395583     
   99.000000000000000       0.21104922696841619     
   100.00000000000000       0.20813043022343600     
   101.00000000000000       0.20529787722677248     
   102.00000000000000       0.20254882986641301     
   103.00000000000000       0.19988064928389848     
   104.00000000000000       0.19729079445480166     
   105.00000000000000       0.19477682046166267     
   106.00000000000000       0.19233637647785501     
   107.00000000000000       0.18996720348381391     
   108.00000000000000       0.18766713173973015     
   109.00000000000000       0.18543407804116332     
   110.00000000000000       0.18326604278599765     
   111.00000000000000       0.18116110688272799     
   112.00000000000000       0.17911742853119519     
   113.00000000000000       0.17713323990756541     
   114.00000000000000       0.17520684378557028     
   115.00000000000000       0.17333661012578769     
   116.00000000000000       0.17152097266406402     
   117.00000000000000       0.16975842552906881     
   118.00000000000000       0.16804751991747255     
   119.00000000000000       0.16638686085336898     
   120.00000000000000       0.16477510405637785     
   121.00000000000000       0.16321095294039931     
   122.00000000000000       0.16169315576230758     
   123.00000000000000       0.16022050293701318     
   124.00000000000000       0.15879182453234908     
   125.00000000000000       0.15740598795420349     
   126.00000000000000       0.15606189582927807     
   127.00000000000000       0.15475848408984991     
   128.00000000000000       0.15349472026200522     
   129.00000000000000       0.15226960195603462     
   130.00000000000000       0.15108215555507010     
   131.00000000000000       0.14993143509563825     
   132.00000000000000       0.14881652133162274     
   133.00000000000000       0.14773652097119511     
   134.00000000000000       0.14669056607460229     
   135.00000000000000       0.14567781359929230     
   136.00000000000000       0.14469744507772536     
   137.00000000000000       0.14374866641235648     
   138.00000000000000       0.14283070777167131     
   139.00000000000000       0.14194282357081137     
   140.00000000000000       0.14108429252022262     
   141.00000000000000       0.14025441772588076     
   142.00000000000000       0.13945252682498929     
   143.00000000000000       0.13867797214157626     
   144.00000000000000       0.13793013084712913     
   145.00000000000000       0.13720840511228555     
   146.00000000000000       0.13651222223661383     
   147.00000000000000       0.13584103474466444     
   148.00000000000000       0.13519432043772897     
   149.00000000000000       0.13457158239208708     
   150.00000000000000       0.13397234889593859     
   151.00000000000000       0.13339617331868764     
   152.00000000000000       0.13284263390775058     
   153.00000000000000       0.13231133350957566     
   154.00000000000000       0.13180189921307700     
   155.00000000000000       0.13131398191517363     
   156.00000000000000       0.13084725580956641     
   157.00000000000000       0.13040141780126763     
   158.00000000000000       0.12997618685069240     
   159.00000000000000       0.12957130325232136     
   160.00000000000000       0.12918652785402659     
   161.00000000000000       0.12882164122410666     
   162.00000000000000       0.12847644277389356     
   163.00000000000000       0.12815074984446151     
   164.00000000000000       0.12784439676648557     
   165.00000000000000       0.12755723390266069     
   166.00000000000000       0.12728912668230236     
   167.00000000000000       0.12703995463781553     
   168.00000000000000       0.12680961045264172     
   169.00000000000000       0.12659799903009386     
   170.00000000000000       0.12640503659216459     
   171.00000000000000       0.12623064981697479     
   172.00000000000000       0.12607477502301823     
   173.00000000000000       0.12593735740777709     
   174.00000000000000       0.12581835034764818     
   175.00000000000000       0.12571771476543184     
   176.00000000000000       0.12563541857093363     
   177.00000000000000       0.12557143617949093     
   178.00000000000000       0.12552574811249914     
   179.00000000000000       0.12549834068326776     
   180.00000000000000       0.12548920577078990     
