   0.0000000000000000        2.0495400737127256     
   1.0000000000000000        2.0494298289868160     
   2.0000000000000000        2.0490992195357420     
   3.0000000000000000        2.0485486192330491     
   4.0000000000000000        2.0477786501811788     
   5.0000000000000000        2.0467901811857314     
   6.0000000000000000        2.0455843256283290     
   7.0000000000000000        2.0441624387468971     
   8.0000000000000000        2.0425261143346405     
   9.0000000000000000        2.0406771808713215     
   10.000000000000000        2.0386176971027541     
   11.000000000000000        2.0363499470865909     
   12.000000000000000        2.0338764347245788     
   13.000000000000000        2.0311998778034148     
   14.000000000000000        2.0283232015681358     
   15.000000000000000        2.0252495318537105     
   16.000000000000000        2.0219821878019935     
   17.000000000000000        2.0185246741926419     
   18.000000000000000        2.0148806734177436     
   19.000000000000000        2.0110540371310388     
   20.000000000000000        2.0070487776034449     
   21.000000000000000        2.0028690588173306     
   22.000000000000000        1.9985191873325048     
   23.000000000000000        1.9940036029572608     
   24.000000000000000        1.9893268692579920     
   25.000000000000000        1.9844936639408930     
   26.000000000000000        1.9795087691391549     
   27.000000000000000        1.9743770616386758     
   28.000000000000000        1.9691035030748818     
   29.000000000000000        1.9636931301326168     
   30.000000000000000        1.9581510447802557     
   31.000000000000000        1.9524824045683340     
   32.000000000000000        1.9466924130219014     
   33.000000000000000        1.9407863101547040     
   34.000000000000000        1.9347693631319889     
   35.000000000000000        1.9286468571074082     
   36.000000000000000        1.9224240862580400     
   37.000000000000000        1.9161063450400151     
   38.000000000000000        1.9096989196856859     
   39.000000000000000        1.9032070799616114     
   40.000000000000000        1.8966360712049855     
   41.000000000000000        1.8899911066544142     
   42.000000000000000        1.8832773600892265     
   43.000000000000000        1.8764999587898092     
   44.000000000000000        1.8696639768296752     
   45.000000000000000        1.8627744287083101     
   46.000000000000000        1.8558362633321337     
   47.000000000000000        1.8488543583492458     
   48.000000000000000        1.8418335148420348     
   49.000000000000000        1.8347784523801141     
   50.000000000000000        1.8276938044345812     
   51.000000000000000        1.8205841141531036     
   52.000000000000000        1.8134538304939565     
   53.000000000000000        1.8063073047158322     
   54.000000000000000        1.7991487872189795     
   55.000000000000000        1.7919824247320828     
   56.000000000000000        1.7848122578382004     
   57.000000000000000        1.7776422188321093     
   58.000000000000000        1.7704761299004546     
   59.000000000000000        1.7633177016153203     
   60.000000000000000        1.7561705317310787     
   61.000000000000000        1.7490381042737397     
   62.000000000000000        1.7419237889114492     
   63.000000000000000        1.7348308405943118     
   64.000000000000000        1.7277623994513378     
   65.000000000000000        1.7207214909319501     
   66.000000000000000        1.7137110261793120     
   67.000000000000000        1.7067338026225261     
   68.000000000000000        1.6997925047746907     
   69.000000000000000        1.6928897052237435     
   70.000000000000000        1.6860278658031180     
   71.000000000000000        1.6792093389292684     
   72.000000000000000        1.6724363690933199     
   73.000000000000000        1.6657110944942932     
   74.000000000000000        1.6590355488015842     
   75.000000000000000        1.6524116630347074     
   76.000000000000000        1.6458412675486020     
   77.000000000000000        1.6393260941132026     
   78.000000000000000        1.6328677780763152     
   79.000000000000000        1.6264678605993332     
   80.000000000000000        1.6201277909556766     
   81.000000000000000        1.6138489288823528     
   82.000000000000000        1.6076325469754937     
   83.000000000000000        1.6014798331211688     
   84.000000000000000        1.5953918929532926     
   85.000000000000000        1.5893697523309080     
   86.000000000000000        1.5834143598276076     
   87.000000000000000        1.5775265892263532     
   88.000000000000000        1.5717072420134048     
   89.000000000000000        1.5659570498655624     
   90.000000000000000        1.5602766771253465     
   91.000000000000000        1.5546667232592182     
   92.000000000000000        1.5491277252943627     
   93.000000000000000        1.5436601602299458     
   94.000000000000000        1.5382644474192100     
   95.000000000000000        1.5329409509190779     
   96.000000000000000        1.5276899818043872     
   97.000000000000000        1.5225118004441431     
   98.000000000000000        1.5174066187375395     
   99.000000000000000        1.5123746023078148     
   100.00000000000000        1.5074158726522571     
   101.00000000000000        1.5025305092469825     
   102.00000000000000        1.4977185516053237     
   103.00000000000000        1.4929800012889105     
   104.00000000000000        1.4883148238707433     
   105.00000000000000        1.4837229508497245     
   106.00000000000000        1.4792042815163156     
   107.00000000000000        1.4747586847691281     
   108.00000000000000        1.4703860008824112     
   109.00000000000000        1.4660860432245084     
   110.00000000000000        1.4618585999274945     
   111.00000000000000        1.4577034355082628     
   112.00000000000000        1.4536202924414825     
   113.00000000000000        1.4496088926848356     
   114.00000000000000        1.4456689391570985     
   115.00000000000000        1.4418001171696113     
   116.00000000000000        1.4380020958117741     
   117.00000000000000        1.4342745292912211     
   118.00000000000000        1.4306170582293665     
   119.00000000000000        1.4270293109130312     
   120.00000000000000        1.4235109045028858     
   121.00000000000000        1.4200614461994578     
   122.00000000000000        1.4166805343674489     
   123.00000000000000        1.4133677596191401     
   124.00000000000000        1.4101227058576358     
   125.00000000000000        1.4069449512807273     
   126.00000000000000        1.4038340693461284     
   127.00000000000000        1.4007896296988573     
   128.00000000000000        1.3978111990615347     
   129.00000000000000        1.3948983420883396     
   130.00000000000000        1.3920506221833935     
   131.00000000000000        1.3892676022843293     
   132.00000000000000        1.3865488456117818     
   133.00000000000000        1.3838939163855710     
   134.00000000000000        1.3813023805083098     
   135.00000000000000        1.3787738062171908     
   136.00000000000000        1.3763077647047091     
   137.00000000000000        1.3739038307090568     
   138.00000000000000        1.3715615830749559     
   139.00000000000000        1.3692806052856807     
   140.00000000000000        1.3670604859670277     
   141.00000000000000        1.3649008193640015     
   142.00000000000000        1.3628012057909922     
   143.00000000000000        1.3607612520562025     
   144.00000000000000        1.3587805718611394     
   145.00000000000000        1.3568587861759138     
   146.00000000000000        1.3549955235911935     
   147.00000000000000        1.3531904206475758     
   148.00000000000000        1.3514431221431911     
   149.00000000000000        1.3497532814203768     
   150.00000000000000        1.3481205606321995     
   151.00000000000000        1.3465446309896800     
   152.00000000000000        1.3450251729905307     
   153.00000000000000        1.3435618766302302     
   154.00000000000000        1.3421544415962676     
   155.00000000000000        1.3408025774463850     
   156.00000000000000        1.3395060037716255     
   157.00000000000000        1.3382644503450247     
   158.00000000000000        1.3370776572567429     
   159.00000000000000        1.3359453750364543     
   160.00000000000000        1.3348673647637690     
   161.00000000000000        1.3338433981674938     
   162.00000000000000        1.3328732577144700     
   163.00000000000000        1.3319567366887688     
   164.00000000000000        1.3310936392619424     
   165.00000000000000        1.3302837805550771     
   166.00000000000000        1.3295269866932931     
   167.00000000000000        1.3288230948533972     
   168.00000000000000        1.3281719533052776     
   169.00000000000000        1.3275734214476838     
   170.00000000000000        1.3270273698389348     
   171.00000000000000        1.3265336802231018     
   172.00000000000000        1.3260922455521762     
   173.00000000000000        1.3257029700046741     
   174.00000000000000        1.3253657690011140     
   175.00000000000000        1.3250805692167482     
   176.00000000000000        1.3248473085918870     
   177.00000000000000        1.3246659363401221     
   178.00000000000000        1.3245364129547050     
   179.00000000000000        1.3244587102132850     
   180.00000000000000        1.3244328111811801     
