   0.0000000000000000       0.57122124629992455     
   1.0000000000000000       0.57107677291849679     
   2.0000000000000000       0.57064367018339190     
   3.0000000000000000       0.56992288892856380     
   4.0000000000000000       0.56891600924155183     
   5.0000000000000000       0.56762523354326488     
   6.0000000000000000       0.56605337696607705     
   7.0000000000000000       0.56420385509587911     
   8.0000000000000000       0.56208066916142418     
   9.0000000000000000       0.55968838877121296     
   10.000000000000000       0.55703213231415194     
   11.000000000000000       0.55411754515510514     
   12.000000000000000       0.55095077577016227     
   13.000000000000000       0.54753844997881096     
   14.000000000000000       0.54388764344115725     
   15.000000000000000       0.54000585259775635     
   16.000000000000000       0.53590096423750155     
   17.000000000000000       0.53158122388524998     
   18.000000000000000       0.52705520320544819     
   19.000000000000000       0.52233176662095093     
   20.000000000000000       0.51742003734747688     
   21.000000000000000       0.51232936304377186     
   22.000000000000000       0.50706928127557560     
   23.000000000000000       0.50164948498796647     
   24.000000000000000       0.49607978817567416     
   25.000000000000000       0.49037009193457642     
   26.000000000000000       0.48453035106992925     
   27.000000000000000       0.47857054142804872     
   28.000000000000000       0.47250062810824217     
   29.000000000000000       0.46633053470096314     
   30.000000000000000       0.46007011368649581     
   31.000000000000000       0.45372911811617456     
   32.000000000000000       0.44731717468527210     
   33.000000000000000       0.44084375829345662     
   34.000000000000000       0.43431816817519786     
   35.000000000000000       0.42774950566887393     
   36.000000000000000       0.42114665367970444     
   37.000000000000000       0.41451825787813962     
   38.000000000000000       0.40787270966208744     
   39.000000000000000       0.40121813089847080     
   40.000000000000000       0.39456236044718379     
   41.000000000000000       0.38791294245863667     
   42.000000000000000       0.38127711642484108     
   43.000000000000000       0.37466180895344675     
   44.000000000000000       0.36807362722437359     
   45.000000000000000       0.36151885407971973     
   46.000000000000000       0.35500344468952705     
   47.000000000000000       0.34853302472874742     
   48.000000000000000       0.34211288999442596     
   49.000000000000000       0.33574800738668725     
   50.000000000000000       0.32944301717256436     
   51.000000000000000       0.32320223644807167     
   52.000000000000000       0.31702966371112606     
   53.000000000000000       0.31092898445598122     
   54.000000000000000       0.30490357769867438     
   55.000000000000000       0.29895652334261247     
   56.000000000000000       0.29309061029373190     
   57.000000000000000       0.28730834523567056     
   58.000000000000000       0.28161196197697463     
   59.000000000000000       0.27600343128453164     
   60.000000000000000       0.27048447112006674     
   61.000000000000000       0.26505655719963850     
   62.000000000000000       0.25972093379954614     
   63.000000000000000       0.25447862473586563     
   64.000000000000000       0.24933044444890229     
   65.000000000000000       0.24427700912814090     
   66.000000000000000       0.23931874781771520     
   67.000000000000000       0.23445591344699532     
   68.000000000000000       0.22968859373550807     
   69.000000000000000       0.22501672192606564     
   70.000000000000000       0.22044008730460871     
   71.000000000000000       0.21595834546984877     
   72.000000000000000       0.21157102832028735     
   73.000000000000000       0.20727755373055917     
   74.000000000000000       0.20307723489327847     
   75.000000000000000       0.19896928930662791     
   76.000000000000000       0.19495284739180713     
   77.000000000000000       0.19102696072812927     
   78.000000000000000       0.18719060989701888     
   79.000000000000000       0.18344271192939335     
   80.000000000000000       0.17978212735392055     
   81.000000000000000       0.17620766684640676     
   82.000000000000000       0.17271809748310529     
   83.000000000000000       0.16931214860302130     
   84.000000000000000       0.16598851728635147     
   85.000000000000000       0.16274587345801664     
   86.000000000000000       0.15958286462684435     
   87.000000000000000       0.15649812027233800     
   88.000000000000000       0.15349025589213497     
   89.000000000000000       0.15055787672421855     
   90.000000000000000       0.14769958115872187     
   91.000000000000000       0.14491396385475022     
   92.000000000000000       0.14219961857806665     
   93.000000000000000       0.13955514077574446     
   94.000000000000000       0.13697912990400110     
   95.000000000000000       0.13447019152540585     
   96.000000000000000       0.13202693919150549     
   97.000000000000000       0.12964799612665284     
   98.000000000000000       0.12733199672846859     
   99.000000000000000       0.12507758789991913     
   100.00000000000000       0.12288343022747476     
   101.00000000000000       0.12074819901922601     
   102.00000000000000       0.11867058521619797     
   103.00000000000000       0.11664929618941759     
   104.00000000000000       0.11468305643457483     
   105.00000000000000       0.11277060817537439     
   106.00000000000000       0.11091071188591858     
   107.00000000000000       0.10910214674169616     
   108.00000000000000       0.10734371100798423     
   109.00000000000000       0.10563422237371123     
   110.00000000000000       0.10397251823807917     
   111.00000000000000       0.10235745595651387     
   112.00000000000000       0.10078791305180003     
   113.00000000000000        9.9262787395579963E-002
   114.00000000000000        9.7780997364736971E-002
   115.00000000000000        9.6341481976568652E-002
   116.00000000000000        9.4943201006067443E-002
   117.00000000000000        9.3585135088079821E-002
   118.00000000000000        9.2266285806604703E-002
   119.00000000000000        9.0985675773021149E-002
   120.00000000000000        8.9742348694604762E-002
   121.00000000000000        8.8535369434299779E-002
   122.00000000000000        8.7363824062363232E-002
   123.00000000000000        8.6226819900181800E-002
   124.00000000000000        8.5123485556288903E-002
   125.00000000000000        8.4052970954368630E-002
   126.00000000000000        8.3014447352831977E-002
   127.00000000000000        8.2007107355379735E-002
   128.00000000000000        8.1030164911832861E-002
   129.00000000000000        8.0082855308402728E-002
   130.00000000000000        7.9164435146501427E-002
   131.00000000000000        7.8274182309141710E-002
   132.00000000000000        7.7411395913953698E-002
   133.00000000000000        7.6575396251850600E-002
   134.00000000000000        7.5765524710395549E-002
   135.00000000000000        7.4981143680970169E-002
   136.00000000000000        7.4221636448905684E-002
   137.00000000000000        7.3486407065820908E-002
   138.00000000000000        7.2774880203503561E-002
   139.00000000000000        7.2086500988782554E-002
   140.00000000000000        7.1420734818958109E-002
   141.00000000000000        7.0777067157486565E-002
   142.00000000000000        7.0155003309755493E-002
   143.00000000000000        6.9554068178928133E-002
   144.00000000000000        6.8973806001986895E-002
   145.00000000000000        6.8413780066256244E-002
   146.00000000000000        6.7873572406839805E-002
   147.00000000000000        6.7352783485558662E-002
   148.00000000000000        6.6851031852130871E-002
   149.00000000000000        6.6367953788478054E-002
   150.00000000000000        6.5903202937190028E-002
   151.00000000000000        6.5456449915314741E-002
   152.00000000000000        6.5027381914770740E-002
   153.00000000000000        6.4615702290800409E-002
   154.00000000000000        6.4221130139994642E-002
   155.00000000000000        6.3843399869519674E-002
   156.00000000000000        6.3482260759267078E-002
   157.00000000000000        6.3137476518725588E-002
   158.00000000000000        6.2808824840439023E-002
   159.00000000000000        6.2496096951964876E-002
   160.00000000000000        6.2199097168289794E-002
   161.00000000000000        6.1917642446681194E-002
   162.00000000000000        6.1651561945967624E-002
   163.00000000000000        6.1400696592239234E-002
   164.00000000000000        6.1164898652945866E-002
   165.00000000000000        6.0944031321342802E-002
   166.00000000000000        6.0737968313196888E-002
   167.00000000000000        6.0546593477614562E-002
   168.00000000000000        6.0369800423792030E-002
   169.00000000000000        6.0207492165417383E-002
   170.00000000000000        6.0059580784372818E-002
   171.00000000000000        5.9925987115295731E-002
   172.00000000000000        5.9806640452459869E-002
   173.00000000000000        5.9701478280333099E-002
   174.00000000000000        5.9610446029057282E-002
   175.00000000000000        5.9533496855978266E-002
   176.00000000000000        5.9470591454232981E-002
   177.00000000000000        5.9421697889274296E-002
   178.00000000000000        5.9386791464084480E-002
   179.00000000000000        5.9365854613695292E-002
   180.00000000000000        5.9358876829498974E-002
