   0.0000000000000000       0.34252940013161526     
   1.0000000000000000       0.34252848275202585     
   2.0000000000000000       0.34252573090877159     
   3.0000000000000000       0.34252114548828300     
   4.0000000000000000       0.34251472796757865     
   5.0000000000000000       0.34250648041371312     
   6.0000000000000000       0.34249640548300769     
   7.0000000000000000       0.34248450642006117     
   8.0000000000000000       0.34247078705654116     
   9.0000000000000000       0.34245525180975772     
   10.000000000000000       0.34243790568102106     
   11.000000000000000       0.34241875425377888     
   12.000000000000000       0.34239780369154393     
   13.000000000000000       0.34237506073560126     
   14.000000000000000       0.34235053270250765     
   15.000000000000000       0.34232422748137442     
   16.000000000000000       0.34229615353094400     
   17.000000000000000       0.34226631987645562     
   18.000000000000000       0.34223473610630412     
   19.000000000000000       0.34220141236849377     
   20.000000000000000       0.34216635936688833     
   21.000000000000000       0.34212958835725998     
   22.000000000000000       0.34209111114313967     
   23.000000000000000       0.34205094007146813     
   24.000000000000000       0.34200908802805408     
   25.000000000000000       0.34196556843283971     
   26.000000000000000       0.34192039523497431     
   27.000000000000000       0.34187358290770387     
   28.000000000000000       0.34182514644307188     
   29.000000000000000       0.34177510134644223     
   30.000000000000000       0.34172346363083866     
   31.000000000000000       0.34167024981111271     
   32.000000000000000       0.34161547689793387     
   33.000000000000000       0.34155916239161255     
   34.000000000000000       0.34150132427575508     
   35.000000000000000       0.34144198101075457     
   36.000000000000000       0.34138115152712184     
   37.000000000000000       0.34131885521865951     
   38.000000000000000       0.34125511193548069     
   39.000000000000000       0.34118994197687907     
   40.000000000000000       0.34112336608405303     
   41.000000000000000       0.34105540543268359     
   42.000000000000000       0.34098608162537553     
   43.000000000000000       0.34091541668396314     
   44.000000000000000       0.34084343304168124     
   45.000000000000000       0.34077015353521117     
   46.000000000000000       0.34069560139659977     
   47.000000000000000       0.34061980024505939     
   48.000000000000000       0.34054277407865174     
   49.000000000000000       0.34046454726585801     
   50.000000000000000       0.34038514453703950     
   51.000000000000000       0.34030459097579657     
   52.000000000000000       0.34022291201022375     
   53.000000000000000       0.34014013340407095     
   54.000000000000000       0.34005628124780812     
   55.000000000000000       0.33997138194960758     
   56.000000000000000       0.33988546222623534     
   57.000000000000000       0.33979854909386670     
   58.000000000000000       0.33971066985882303     
   59.000000000000000       0.33962185210823848     
   60.000000000000000       0.33953212370065561     
   61.000000000000000       0.33944151275656059     
   62.000000000000000       0.33935004764885640     
   63.000000000000000       0.33925775699327942     
   64.000000000000000       0.33916466963876668     
   65.000000000000000       0.33907081465777311     
   66.000000000000000       0.33897622133654720     
   67.000000000000000       0.33888091916536450     
   68.000000000000000       0.33878493782872715     
   69.000000000000000       0.33868830719553239     
   70.000000000000000       0.33859105730920963     
   71.000000000000000       0.33849321837783891     
   72.000000000000000       0.33839482076424482     
   73.000000000000000       0.33829589497607637     
   74.000000000000000       0.33819647165587463     
   75.000000000000000       0.33809658157112993     
   76.000000000000000       0.33799625560433783     
   77.000000000000000       0.33789552474304962     
   78.000000000000000       0.33779442006992749     
   79.000000000000000       0.33769297275280763     
   80.000000000000000       0.33759121403476861     
   81.000000000000000       0.33748917522421668     
   82.000000000000000       0.33738688768498593     
   83.000000000000000       0.33728438282645934     
   84.000000000000000       0.33718169209371129     
   85.000000000000000       0.33707884695768131     
   86.000000000000000       0.33697587890537123     
   87.000000000000000       0.33687281943008074     
   88.000000000000000       0.33676970002167783     
   89.000000000000000       0.33666655215690655     
   90.000000000000000       0.33656340728974116     
   91.000000000000000       0.33646029684178053     
   92.000000000000000       0.33635725219269541     
   93.000000000000000       0.33625430467072359     
   94.000000000000000       0.33615148554322100     
   95.000000000000000       0.33604882600726793     
   96.000000000000000       0.33594635718033455     
   97.000000000000000       0.33584411009101006     
   98.000000000000000       0.33574211566979278     
   99.000000000000000       0.33564040473995005     
   100.00000000000000       0.33553900800844588     
   101.00000000000000       0.33543795605694027     
   102.00000000000000       0.33533727933286228     
   103.00000000000000       0.33523700814055901     
   104.00000000000000       0.33513717263252241     
   105.00000000000000       0.33503780280069695     
   106.00000000000000       0.33493892846786921     
   107.00000000000000       0.33484057927914024     
   108.00000000000000       0.33474278469348590     
   109.00000000000000       0.33464557397540434     
   110.00000000000000       0.33454897618665136     
   111.00000000000000       0.33445302017807016     
   112.00000000000000       0.33435773458151063     
   113.00000000000000       0.33426314780184496     
   114.00000000000000       0.33416928800908030     
   115.00000000000000       0.33407618313056536     
   116.00000000000000       0.33398386084329829     
   117.00000000000000       0.33389234856633632     
   118.00000000000000       0.33380167345330064     
   119.00000000000000       0.33371186238499201     
   120.00000000000000       0.33362294196210374     
   121.00000000000000       0.33353493849804200     
   122.00000000000000       0.33344787801185344     
   123.00000000000000       0.33336178622125617     
   124.00000000000000       0.33327668853578341     
   125.00000000000000       0.33319261005003148     
   126.00000000000000       0.33310957553702009     
   127.00000000000000       0.33302760944166171     
   128.00000000000000       0.33294673587434487     
   129.00000000000000       0.33286697860462533     
   130.00000000000000       0.33278836105503334     
   131.00000000000000       0.33271090629499261     
   132.00000000000000       0.33263463703485380     
   133.00000000000000       0.33255957562004146     
   134.00000000000000       0.33248574402531772     
   135.00000000000000       0.33241316384915942     
   136.00000000000000       0.33234185630825236     
   137.00000000000000       0.33227184223210182     
   138.00000000000000       0.33220314205775869     
   139.00000000000000       0.33213577582466403     
   140.00000000000000       0.33206976316960918     
   141.00000000000000       0.33200512332181581     
   142.00000000000000       0.33194187509813150     
   143.00000000000000       0.33188003689834489     
   144.00000000000000       0.33181962670061765     
   145.00000000000000       0.33176066205703708     
   146.00000000000000       0.33170316008928419     
   147.00000000000000       0.33164713748442459     
   148.00000000000000       0.33159261049081323     
   149.00000000000000       0.33153959491412360     
   150.00000000000000       0.33148810611349006     
   151.00000000000000       0.33143815899777412     
   152.00000000000000       0.33138976802194786     
   153.00000000000000       0.33134294718359536     
   154.00000000000000       0.33129771001953529     
   155.00000000000000       0.33125406960256137     
   156.00000000000000       0.33121203853830239     
   157.00000000000000       0.33117162896220143     
   158.00000000000000       0.33113285253661351     
   159.00000000000000       0.33109572044802343     
   160.00000000000000       0.33106024340438139     
   161.00000000000000       0.33102643163255802     
   162.00000000000000       0.33099429487592003     
   163.00000000000000       0.33096384239202054     
   164.00000000000000       0.33093508295041307     
   165.00000000000000       0.33090802483058041     
   166.00000000000000       0.33088267581998509     
   167.00000000000000       0.33085904321223630     
   168.00000000000000       0.33083713380537610     
   169.00000000000000       0.33081695390028459     
   170.00000000000000       0.33079850929920362     
   171.00000000000000       0.33078180530437740     
   172.00000000000000       0.33076684671681289     
   173.00000000000000       0.33075363783515838     
   174.00000000000000       0.33074218245469894     
   175.00000000000000       0.33073248386647269     
   176.00000000000000       0.33072454485650132     
   177.00000000000000       0.33071836770514274     
   178.00000000000000       0.33071395418655963     
   179.00000000000000       0.33071130556830575     
   180.00000000000000       0.33071042261103095     
