   0.0000000000000000       0.73833799580209969     
   1.0000000000000000       0.73824897849813564     
   2.0000000000000000       0.73798199126845221     
   3.0000000000000000       0.73753722809420252     
   4.0000000000000000       0.73691501205914467     
   5.0000000000000000       0.73611579502265911     
   6.0000000000000000       0.73514015716250447     
   7.0000000000000000       0.73398880638783714     
   8.0000000000000000       0.73266257762317677     
   9.0000000000000000       0.73116243196414110     
   10.000000000000000       0.72948945570593204     
   11.000000000000000       0.72764485924568678     
   12.000000000000000       0.72562997585997657     
   13.000000000000000       0.72344626035884807     
   14.000000000000000       0.72109528761797625     
   15.000000000000000       0.71857875099062196     
   16.000000000000000       0.71589846060121887     
   17.000000000000000       0.71305634152257402     
   18.000000000000000       0.71005443183877659     
   19.000000000000000       0.70689488059605154     
   20.000000000000000       0.70357994564392778     
   21.000000000000000       0.70011199136920577     
   22.000000000000000       0.69649348632534014     
   23.000000000000000       0.69272700075996818     
   24.000000000000000       0.68881520404343743     
   25.000000000000000       0.68476086200129127     
   26.000000000000000       0.68056683415378316     
   27.000000000000000       0.67623607086560478     
   28.000000000000000       0.67177161040909594     
   29.000000000000000       0.66717657594432445     
   30.000000000000000       0.66245417241950377     
   31.000000000000000       0.65760768339530529     
   32.000000000000000       0.65264046779672169     
   33.000000000000000       0.64755595659620147     
   34.000000000000000       0.64235764943186224     
   35.000000000000000       0.63704911116466201     
   36.000000000000000       0.63163396837846864     
   37.000000000000000       0.62611590582703891     
   38.000000000000000       0.62049866283196897     
   39.000000000000000       0.61478602963573725     
   40.000000000000000       0.60898184371400399     
   41.000000000000000       0.60308998605137865     
   42.000000000000000       0.59711437738490192     
   43.000000000000000       0.59105897441952193     
   44.000000000000000       0.58492776601987850     
   45.000000000000000       0.57872476938271733     
   46.000000000000000       0.57245402619429342     
   47.000000000000000       0.56611959877711771     
   48.000000000000000       0.55972556623041736     
   49.000000000000000       0.55327602056868275     
   50.000000000000000       0.54677506286266231     
   51.000000000000000       0.54022679938717000     
   52.000000000000000       0.53363533778004657     
   53.000000000000000       0.52700478321659938     
   54.000000000000000       0.52033923460382669     
   55.000000000000000       0.51364278079869508     
   56.000000000000000       0.50691949685471005     
   57.000000000000000       0.50017344030097755     
   58.000000000000000       0.49340864745791263     
   59.000000000000000       0.48662912979369910     
   60.000000000000000       0.47983887032555045     
   61.000000000000000       0.47304182006976575     
   62.000000000000000       0.46624189454450943     
   63.000000000000000       0.45944297032917014     
   64.000000000000000       0.45264888168409179     
   65.000000000000000       0.44586341723438055     
   66.000000000000000       0.43909031672142013     
   67.000000000000000       0.43233326782563281     
   68.000000000000000       0.42559590306393724     
   69.000000000000000       0.41888179676526410     
   70.000000000000000       0.41219446212738114     
   71.000000000000000       0.40553734835818744     
   72.000000000000000       0.39891383790452800     
   73.000000000000000       0.39232724377146361     
   74.000000000000000       0.38578080693482847     
   75.000000000000000       0.37927769384978460     
   76.000000000000000       0.37282099405796476     
   77.000000000000000       0.36641371789567262     
   78.000000000000000       0.36005879430548438     
   79.000000000000000       0.35375906875346708     
   80.000000000000000       0.34751730125409941     
   81.000000000000000       0.34133616450484650     
   82.000000000000000       0.33521824213220380     
   83.000000000000000       0.32916602705089315     
   84.000000000000000       0.32318191993774603     
   85.000000000000000       0.31726822782167874     
   86.000000000000000       0.31142716279101007     
   87.000000000000000       0.30566084081923911     
   88.000000000000000       0.29997128071024687     
   89.000000000000000       0.29436040316374479     
   90.000000000000000       0.28883002996164447     
   91.000000000000000       0.28338188327587238     
   92.000000000000000       0.27801758509801122     
   93.000000000000000       0.27273865679099407     
   94.000000000000000       0.26754651876293500     
   95.000000000000000       0.26244249026302580     
   96.000000000000000       0.25742778929928450     
   97.000000000000000       0.25250353267779002     
   98.000000000000000       0.24767073616289140     
   99.000000000000000       0.24293031475773472     
   100.00000000000000       0.23828308310430033     
   101.00000000000000       0.23372975600200444     
   102.00000000000000       0.22927094904377263     
   103.00000000000000       0.22490717936834873     
   104.00000000000000       0.22063886652746870     
   105.00000000000000       0.21646633346638341     
   106.00000000000000       0.21238980761608423     
   107.00000000000000       0.20840942209544508     
   108.00000000000000       0.20452521702136972     
   109.00000000000000       0.20073714092489500     
   110.00000000000000       0.19704505227108293     
   111.00000000000000       0.19344872108040179     
   112.00000000000000       0.18994783064918341     
   113.00000000000000       0.18654197936661909     
   114.00000000000000       0.18323068262564507     
   115.00000000000000       0.18001337482495733     
   116.00000000000000       0.17688941145928555     
   117.00000000000000       0.17385807129495373     
   118.00000000000000       0.17091855862765132     
   119.00000000000000       0.16807000561924776     
   120.00000000000000       0.16531147471038235     
   121.00000000000000       0.16264196110548085     
   122.00000000000000       0.16006039532676081     
   123.00000000000000       0.15756564583370805     
   124.00000000000000       0.15515652170443403     
   125.00000000000000       0.15283177537524784     
   126.00000000000000       0.15059010543471474     
   127.00000000000000       0.14843015946840785     
   128.00000000000000       0.14635053695050401     
   129.00000000000000       0.14434979217832133     
   130.00000000000000       0.14242643724584969     
   131.00000000000000       0.14057894505228236     
   132.00000000000000       0.13880575234151787     
   133.00000000000000       0.13710526276857124     
   134.00000000000000       0.13547584998880363     
   135.00000000000000       0.13391586076585890     
   136.00000000000000       0.13242361809417680     
   137.00000000000000       0.13099742433194142     
   138.00000000000000       0.12963556434031523     
   139.00000000000000       0.12833630862480852     
   140.00000000000000       0.12709791647463645     
   141.00000000000000       0.12591863909592377     
   142.00000000000000       0.12479672273463281     
   143.00000000000000       0.12373041178510623     
   144.00000000000000       0.12271795188014233     
   145.00000000000000       0.12175759295854743     
   146.00000000000000       0.12084759230614606     
   147.00000000000000       0.11998621756626544     
   148.00000000000000       0.11917174971575731     
   149.00000000000000       0.11840248600266734     
   150.00000000000000       0.11767674284171621     
   151.00000000000000       0.11699285866381438     
   152.00000000000000       0.11634919671589584     
   153.00000000000000       0.11574414780742381     
   154.00000000000000       0.11517613299999191     
   155.00000000000000       0.11464360623652357     
   156.00000000000000       0.11414505690664958     
   157.00000000000000       0.11367901234493238     
   158.00000000000000       0.11324404025869154     
   159.00000000000000       0.11283875108228064     
   160.00000000000000       0.11246180025476087     
   161.00000000000000       0.11211189041801854     
   162.00000000000000       0.11178777353247814     
   163.00000000000000       0.11148825290766953     
   164.00000000000000       0.11121218514502103     
   165.00000000000000       0.11095848199036244     
   166.00000000000000       0.11072611209374239     
   167.00000000000000       0.11051410267428304     
   168.00000000000000       0.11032154108791871     
   169.00000000000000       0.11014757629599409     
   170.00000000000000       0.10999142023282100     
   171.00000000000000       0.10985234907043000     
   172.00000000000000       0.10972970437888037     
   173.00000000000000       0.10962289418063216     
   174.00000000000000       0.10953139389761742     
   175.00000000000000       0.10945474718978873     
   176.00000000000000       0.10939256668406262     
   177.00000000000000       0.10934453459271663     
   178.00000000000000       0.10931040322044218     
   179.00000000000000       0.10928999535939950     
   180.00000000000000       0.10928320457176381     
