   0.0000000000000000        3.6206613295362460     
   1.0000000000000000        3.6205989817594246     
   2.0000000000000000        3.6204119827986045     
   3.0000000000000000        3.6201004656959102     
   4.0000000000000000        3.6196646519655915     
   5.0000000000000000        3.6191048512607682     
   6.0000000000000000        3.6184214609080652     
   7.0000000000000000        3.6176149653114655     
   8.0000000000000000        3.6166859352269065     
   9.0000000000000000        3.6156350269096174     
   10.000000000000000        3.6144629811363718     
   11.000000000000000        3.6131706221053577     
   12.000000000000000        3.6117588562164582     
   13.000000000000000        3.6102286707352071     
   14.000000000000000        3.6085811323439074     
   15.000000000000000        3.6068173855836476     
   16.000000000000000        3.6049386511912775     
   17.000000000000000        3.6029462243355921     
   18.000000000000000        3.6008414727572347     
   19.000000000000000        3.5986258348170344     
   20.000000000000000        3.5963008174576694     
   21.000000000000000        3.5938679940837370     
   22.000000000000000        3.5913290023654749     
   23.000000000000000        3.5886855419715076     
   24.000000000000000        3.5859393722360711     
   25.000000000000000        3.5830923097663607     
   26.000000000000000        3.5801462259955854     
   27.000000000000000        3.5771030446875383     
   28.000000000000000        3.5739647393983467     
   29.000000000000000        3.5707333309012657     
   30.000000000000000        3.5674108845801995     
   31.000000000000000        3.5639995077977922     
   32.000000000000000        3.5605013472437270     
   33.000000000000000        3.5569185862689512     
   34.000000000000000        3.5532534422113624     
   35.000000000000000        3.5495081637184960     
   36.000000000000000        3.5456850280725747     
   37.000000000000000        3.5417863385231878     
   38.000000000000000        3.5378144216327554     
   39.000000000000000        3.5337716246397384     
   40.000000000000000        3.5296603128444239     
   41.000000000000000        3.5254828670219518     
   42.000000000000000        3.5212416808670235     
   43.000000000000000        3.5169391584745857     
   44.000000000000000        3.5125777118605788     
   45.000000000000000        3.5081597585265647     
   46.000000000000000        3.5036877190719515     
   47.000000000000000        3.4991640148572039     
   48.000000000000000        3.4945910657212544     
   49.000000000000000        3.4899712877561067     
   50.000000000000000        3.4853070911413750     
   51.000000000000000        3.4806008780412823     
   52.000000000000000        3.4758550405663917     
   53.000000000000000        3.4710719588021619     
   54.000000000000000        3.4662539989061045     
   55.000000000000000        3.4614035112751917     
   56.000000000000000        3.4565228287848564     
   57.000000000000000        3.4516142651007593     
   58.000000000000000        3.4466801130642382     
   59.000000000000000        3.4417226431522017     
   60.000000000000000        3.4367441020119576     
   61.000000000000000        3.4317467110713058     
   62.000000000000000        3.4267326652240371     
   63.000000000000000        3.4217041315907704     
   64.000000000000000        3.4166632483549031     
   65.000000000000000        3.4116121236732608     
   66.000000000000000        3.4065528346608938     
   67.000000000000000        3.4014874264492958     
   68.000000000000000        3.3964179113171835     
   69.000000000000000        3.3913462678928368     
   70.000000000000000        3.3862744404268832     
   71.000000000000000        3.3812043381342707     
   72.000000000000000        3.3761378346040916     
   73.000000000000000        3.3710767672757900     
   74.000000000000000        3.3660229369802255     
   75.000000000000000        3.3609781075439642     
   76.000000000000000        3.3559440054550773     
   77.000000000000000        3.3509223195887241     
   78.000000000000000        3.3459147009906549     
   79.000000000000000        3.3409227627167910     
   80.000000000000000        3.3359480797269625     
   81.000000000000000        3.3309921888308454     
   82.000000000000000        3.3260565886841515     
   83.000000000000000        3.3211427398330438     
   84.000000000000000        3.3162520648048108     
   85.000000000000000        3.3113859482427541     
   86.000000000000000        3.3065457370832858     
   87.000000000000000        3.3017327407732382     
   88.000000000000000        3.2969482315253646     
   89.000000000000000        3.2921934446100773     
   90.000000000000000        3.2874695786814101     
   91.000000000000000        3.2827777961353100     
   92.000000000000000        3.2781192234983232     
   93.000000000000000        3.2734949518447731     
   94.000000000000000        3.2689060372406229     
   95.000000000000000        3.2643535012121569     
   96.000000000000000        3.2598383312377570     
   97.000000000000000        3.2553614812610006     
   98.000000000000000        3.2509238722234146     
   99.000000000000000        3.2465263926152379     
   100.00000000000000        3.2421698990425876     
   101.00000000000000        3.2378552168094914     
   102.00000000000000        3.2335831405132769     
   103.00000000000000        3.2293544346518690     
   104.00000000000000        3.2251698342416097     
   105.00000000000000        3.2210300454442207     
   106.00000000000000        3.2169357462016483     
   107.00000000000000        3.2128875868775060     
   108.00000000000000        3.2088861909039439     
   109.00000000000000        3.2049321554327821     
   110.00000000000000        3.2010260519898202     
   111.00000000000000        3.1971684271312575     
   112.00000000000000        3.1933598031012465     
   113.00000000000000        3.1896006784896054     
   114.00000000000000        3.1858915288887988     
   115.00000000000000        3.1822328075493167     
   116.00000000000000        3.1786249460326328     
   117.00000000000000        3.1750683548609873     
   118.00000000000000        3.1715634241632444     
   119.00000000000000        3.1681105243161487     
   120.00000000000000        3.1647100065803313     
   121.00000000000000        3.1613622037304547     
   122.00000000000000        3.1580674306789311     
   123.00000000000000        3.1548259850926659     
   124.00000000000000        3.1516381480023630     
   125.00000000000000        3.1485041844038735     
   126.00000000000000        3.1454243438512308     
   127.00000000000000        3.1423988610408897     
   128.00000000000000        3.1394279563868821     
   129.00000000000000        3.1365118365864908     
   130.00000000000000        3.1336506951761764     
   131.00000000000000        3.1308447130774444     
   132.00000000000000        3.1280940591324087     
   133.00000000000000        3.1253988906288388     
   134.00000000000000        3.1227593538144456     
   135.00000000000000        3.1201755844002621     
   136.00000000000000        3.1176477080529441     
   137.00000000000000        3.1151758408758314     
   138.00000000000000        3.1127600898786874     
   139.00000000000000        3.1104005534359827     
   140.00000000000000        3.1080973217336640     
   141.00000000000000        3.1058504772043265     
   142.00000000000000        3.1036600949507411     
   143.00000000000000        3.1015262431577257     
   144.00000000000000        3.0994489834923060     
   145.00000000000000        3.0974283714921786     
   146.00000000000000        3.0954644569424934     
   147.00000000000000        3.0935572842409447     
   148.00000000000000        3.0917068927512292     
   149.00000000000000        3.0899133171448945     
   150.00000000000000        3.0881765877316232     
   151.00000000000000        3.0864967307780291     
   152.00000000000000        3.0848737688150090     
   153.00000000000000        3.0833077209337292     
   154.00000000000000        3.0817986030703435     
   155.00000000000000        3.0803464282794830     
   156.00000000000000        3.0789512069966625     
   157.00000000000000        3.0776129472896363     
   158.00000000000000        3.0763316550988558     
   159.00000000000000        3.0751073344670798     
   160.00000000000000        3.0739399877582669     
   161.00000000000000        3.0728296158658375     
   162.00000000000000        3.0717762184104180     
   163.00000000000000        3.0707797939271533     
   164.00000000000000        3.0698403400427057     
   165.00000000000000        3.0689578536420252     
   166.00000000000000        3.0681323310249979     
   167.00000000000000        3.0673637680530668     
   168.00000000000000        3.0666521602859191     
   169.00000000000000        3.0659975031083162     
   170.00000000000000        3.0653997918471663     
   171.00000000000000        3.0648590218789242     
   172.00000000000000        3.0643751887273680     
   173.00000000000000        3.0639482881518529     
   174.00000000000000        3.0635783162260943     
   175.00000000000000        3.0632652694075282     
   176.00000000000000        3.0630091445973320     
   177.00000000000000        3.0628099391911050     
   178.00000000000000        3.0626676511203139     
   179.00000000000000        3.0625822788844652     
   180.00000000000000        3.0625538215740793     
