   0.0000000000000000       0.37470143894523478     
   1.0000000000000000       0.37469102397930892     
   2.0000000000000000       0.37465978422903806     
   3.0000000000000000       0.37460773513225126     
   4.0000000000000000       0.37453490240303428     
   5.0000000000000000       0.37444132200831115     
   6.0000000000000000       0.37432704013511348     
   7.0000000000000000       0.37419211314858764     
   8.0000000000000000       0.37403660754080936     
   9.0000000000000000       0.37386059987048886     
   10.000000000000000       0.37366417669366253     
   11.000000000000000       0.37344743448548373     
   12.000000000000000       0.37321047955323744     
   13.000000000000000       0.37295342794072162     
   14.000000000000000       0.37267640532414092     
   15.000000000000000       0.37237954689968811     
   16.000000000000000       0.37206299726298253     
   17.000000000000000       0.37172691028056348     
   18.000000000000000       0.37137144895363650     
   19.000000000000000       0.37099678527428948     
   20.000000000000000       0.37060310007439928     
   21.000000000000000       0.37019058286746864     
   22.000000000000000       0.36975943168363390     
   23.000000000000000       0.36930985289809681     
   24.000000000000000       0.36884206105324840     
   25.000000000000000       0.36835627867474563     
   26.000000000000000       0.36785273608182789     
   27.000000000000000       0.36733167119214921     
   28.000000000000000       0.36679332932142233     
   29.000000000000000       0.36623796297816785     
   30.000000000000000       0.36566583165386662     
   31.000000000000000       0.36507720160882434     
   32.000000000000000       0.36447234565405384     
   33.000000000000000       0.36385154292948446     
   34.000000000000000       0.36321507867881409     
   35.000000000000000       0.36256324402131718     
   36.000000000000000       0.36189633572092400     
   37.000000000000000       0.36121465595288560     
   38.000000000000000       0.36051851206834234     
   39.000000000000000       0.35980821635710741     
   40.000000000000000       0.35908408580897971     
   41.000000000000000       0.35834644187389514     
   42.000000000000000       0.35759561022122383     
   43.000000000000000       0.35683192049852097     
   44.000000000000000       0.35605570609002579     
   45.000000000000000       0.35526730387520844     
   46.000000000000000       0.35446705398765721     
   47.000000000000000       0.35365529957458841     
   48.000000000000000       0.35283238655725857     
   49.000000000000000       0.35199866339255975     
   50.000000000000000       0.35115448083605350     
   51.000000000000000       0.35030019170671411     
   52.000000000000000       0.34943615065362743     
   53.000000000000000       0.34856271392489235     
   54.000000000000000       0.34768023913896035     
   55.000000000000000       0.34678908505864542     
   56.000000000000000       0.34588961136801682     
   57.000000000000000       0.34498217845239387     
   58.000000000000000       0.34406714718163861     
   59.000000000000000       0.34314487869694277     
   60.000000000000000       0.34221573420128926     
   61.000000000000000       0.34128007475376504     
   62.000000000000000       0.34033826106788695     
   63.000000000000000       0.33939065331409674     
   64.000000000000000       0.33843761092656860     
   65.000000000000000       0.33747949241446501     
   66.000000000000000       0.33651665517776608     
   67.000000000000000       0.33554945532778657     
   68.000000000000000       0.33457824751248633     
   69.000000000000000       0.33360338474667212     
   70.000000000000000       0.33262521824717245     
   71.000000000000000       0.33164409727306787     
   72.000000000000000       0.33066036897103779     
   73.000000000000000       0.32967437822588580     
   74.000000000000000       0.32868646751629149     
   75.000000000000000       0.32769697677582671     
   76.000000000000000       0.32670624325926861     
   77.000000000000000       0.32571460141423231     
   78.000000000000000       0.32472238275813314     
   79.000000000000000       0.32372991576049137     
   80.000000000000000       0.32273752573056619     
   81.000000000000000       0.32174553471032180     
   82.000000000000000       0.32075426137269414     
   83.000000000000000       0.31976402092514589     
   84.000000000000000       0.31877512501846755     
   85.000000000000000       0.31778788166079297     
   86.000000000000000       0.31680259513677916     
   87.000000000000000       0.31581956593190197     
   88.000000000000000       0.31483909066180998     
   89.000000000000000       0.31386146200667137     
   90.000000000000000       0.31288696865044746     
   91.000000000000000       0.31191589522501922     
   92.000000000000000       0.31094852225908853     
   93.000000000000000       0.30998512613176832     
   94.000000000000000       0.30902597903078155     
   95.000000000000000       0.30807134891516874     
   96.000000000000000       0.30712149948241951     
   97.000000000000000       0.30617669013992060     
   98.000000000000000       0.30523717598062516     
   99.000000000000000       0.30430320776283831     
   100.00000000000000       0.30337503189400999     
   101.00000000000000       0.30245289041842893     
   102.00000000000000       0.30153702100870372     
   103.00000000000000       0.30062765696092070     
   104.00000000000000       0.29972502719336325     
   105.00000000000000       0.29882935624867335     
   106.00000000000000       0.29794086429934513     
   107.00000000000000       0.29705976715642451     
   108.00000000000000       0.29618627628130101     
   109.00000000000000       0.29532059880047229     
   110.00000000000000       0.29446293752315816     
   111.00000000000000       0.29361349096164929     
   112.00000000000000       0.29277245335426488     
   113.00000000000000       0.29194001469080594     
   114.00000000000000       0.29111636074038111     
   115.00000000000000       0.29030167308148569     
   116.00000000000000       0.28949612913422013     
   117.00000000000000       0.28869990219452557     
   118.00000000000000       0.28791316147032481     
   119.00000000000000       0.28713607211945108     
   120.00000000000000       0.28636879528925024     
   121.00000000000000       0.28561148815774634     
   122.00000000000000       0.28486430397625795     
   123.00000000000000       0.28412739211335314     
   124.00000000000000       0.28340089810004232     
   125.00000000000000       0.28268496367609225     
   126.00000000000000       0.28197972683736755     
   127.00000000000000       0.28128532188408722     
   128.00000000000000       0.28060187946990311     
   129.00000000000000       0.27992952665169712     
   130.00000000000000       0.27926838694000006     
   131.00000000000000       0.27861858034994119     
   132.00000000000000       0.27798022345263035     
   133.00000000000000       0.27735342942688695     
   134.00000000000000       0.27673830811122452     
   135.00000000000000       0.27613496605600513     
   136.00000000000000       0.27554350657567905     
   137.00000000000000       0.27496402980103057     
   138.00000000000000       0.27439663273134485     
   139.00000000000000       0.27384140928642486     
   140.00000000000000       0.27329845035837741     
   141.00000000000000       0.27276784386309899     
   142.00000000000000       0.27224967479138856     
   143.00000000000000       0.27174402525961999     
   144.00000000000000       0.27125097455990715     
   145.00000000000000       0.27077059920969537     
   146.00000000000000       0.27030297300072353     
   147.00000000000000       0.26984816704728715     
   148.00000000000000       0.26940624983375366     
   149.00000000000000       0.26897728726126918     
   150.00000000000000       0.26856134269360449     
   151.00000000000000       0.26815847700208739     
   152.00000000000000       0.26776874860957534     
   153.00000000000000       0.26739221353341508     
   154.00000000000000       0.26702892542735035     
   155.00000000000000       0.26667893562232670     
   156.00000000000000       0.26634229316615876     
   157.00000000000000       0.26601904486201389     
   158.00000000000000       0.26570923530567908     
   159.00000000000000       0.26541290692156999     
   160.00000000000000       0.26513009999745207     
   161.00000000000000       0.26486085271783777     
   162.00000000000000       0.26460520119603126     
   163.00000000000000       0.26436317950478816     
   164.00000000000000       0.26413481970556474     
   165.00000000000000       0.26392015187633117     
   166.00000000000000       0.26371920413792244     
   167.00000000000000       0.26353200267890275     
   168.00000000000000       0.26335857177892719     
   169.00000000000000       0.26319893383057391     
   170.00000000000000       0.26305310935963400     
   171.00000000000000       0.26292111704383914     
   172.00000000000000       0.26280297373001149     
   173.00000000000000       0.26269869444962324     
   174.00000000000000       0.26260829243275174     
   175.00000000000000       0.26253177912041914     
   176.00000000000000       0.26246916417530758     
   177.00000000000000       0.26242045549083914     
   178.00000000000000       0.26238565919861584     
   179.00000000000000       0.26236477967421218     
   180.00000000000000       0.26235781954131571     
