   0.0000000000000000        1.0984448169706778     
   1.0000000000000000        1.0979881054963643     
   2.0000000000000000        1.0966196064452962     
   3.0000000000000000        1.0943442148820515     
   4.0000000000000000        1.0911700525214583     
   5.0000000000000000        1.0871084130250772     
   6.0000000000000000        1.0821736861824471     
   7.0000000000000000        1.0763832617311118     
   8.0000000000000000        1.0697574137677888     
   9.0000000000000000        1.0623191668888992     
   10.000000000000000        1.0540941453697654     
   11.000000000000000        1.0451104068459169     
   12.000000000000000        1.0353982620953526     
   13.000000000000000        1.0249900826356668     
   14.000000000000000        1.0139200979434939     
   15.000000000000000        1.0022241841748063     
   16.000000000000000       0.98993964631270659     
   17.000000000000000       0.97710499569425746     
   18.000000000000000       0.96375972486973083     
   19.000000000000000       0.94994408172691536     
   20.000000000000000       0.93569884477060705     
   21.000000000000000       0.92106510138418574     
   22.000000000000000       0.90608403081767730     
   23.000000000000000       0.89079669354651592     
   24.000000000000000       0.87524382852916505     
   25.000000000000000       0.85946565976196176     
   26.000000000000000       0.84350171338800461     
   27.000000000000000       0.82739064646608551     
   28.000000000000000       0.81117008834769933     
   29.000000000000000       0.79487649544755234     
   30.000000000000000       0.77854502002797832     
   31.000000000000000       0.76220939345256822     
   32.000000000000000       0.74590182420132012     
   33.000000000000000       0.72965291078072969     
   34.000000000000000       0.71349156950946646     
   35.000000000000000       0.69744497701527708     
   36.000000000000000       0.68153852714305141     
   37.000000000000000       0.66579580184899911     
   38.000000000000000       0.65023855554255983     
   39.000000000000000       0.63488671223697901     
   40.000000000000000       0.61975837478201123     
   41.000000000000000       0.60486984537831090     
   42.000000000000000       0.59023565651295540     
   43.000000000000000       0.57586861140910928     
   44.000000000000000       0.56177983304984203     
   45.000000000000000       0.54797882081606952     
   46.000000000000000       0.53447351377093766     
   47.000000000000000       0.52127035962683754     
   48.000000000000000       0.50837438844586380     
   49.000000000000000       0.49578929014878703     
   50.000000000000000       0.48351749494053053     
   51.000000000000000       0.47156025580053695     
   52.000000000000000       0.45991773223316845     
   53.000000000000000       0.44858907452523350     
   54.000000000000000       0.43757250781373724     
   55.000000000000000       0.42686541532591427     
   56.000000000000000       0.41646442021445318     
   57.000000000000000       0.40636546547259872     
   58.000000000000000       0.39656389147560084     
   59.000000000000000       0.38705451075594349     
   60.000000000000000       0.37783167967922837     
   61.000000000000000       0.36888936674488104     
   62.000000000000000       0.36022121729044659     
   63.000000000000000       0.35182061442976392     
   64.000000000000000       0.34368073610340927     
   65.000000000000000       0.33579460816424417     
   66.000000000000000       0.32815515346158330     
   67.000000000000000       0.32075523692430968     
   68.000000000000000       0.31358770667625468     
   69.000000000000000       0.30664543124638377     
   70.000000000000000       0.29992133296190271     
   71.000000000000000       0.29340841763450926     
   72.000000000000000       0.28709980066884255     
   73.000000000000000       0.28098872973795364     
   74.000000000000000       0.27506860418357371     
   75.000000000000000       0.26933299130932936     
   76.000000000000000       0.26377563974308121     
   77.000000000000000       0.25839049005049708     
   78.000000000000000       0.25317168278600199     
   79.000000000000000       0.24811356416961550     
   80.000000000000000       0.24321068957905656     
   81.000000000000000       0.23845782504603846     
   82.000000000000000       0.23384994694405375     
   83.000000000000000       0.22938224005226829     
   84.000000000000000       0.22505009417652871     
   85.000000000000000       0.22084909950402828     
   86.000000000000000       0.21677504086294236     
   87.000000000000000       0.21282389105241487     
   88.000000000000000       0.20899180340169685     
   89.000000000000000       0.20527510371006560     
   90.000000000000000       0.20167028171142917     
   91.000000000000000       0.19817398219930399     
   92.000000000000000       0.19478299593917342     
   93.000000000000000       0.19149425048616586     
   94.000000000000000       0.18830480101657060     
   95.000000000000000       0.18521182127201341     
   96.000000000000000       0.18221259470520612     
   97.000000000000000       0.17930450590613944     
   98.000000000000000       0.17648503237749358     
   99.000000000000000       0.17375173671797495     
   100.00000000000000       0.17110225926234360     
   101.00000000000000       0.16853431121716789     
   102.00000000000000       0.16604566832191206     
   103.00000000000000       0.16363416505592834     
   104.00000000000000       0.16129768940336123     
   105.00000000000000       0.15903417817996068     
   106.00000000000000       0.15684161291841070     
   107.00000000000000       0.15471801630206033     
   108.00000000000000       0.15266144913095694     
   109.00000000000000       0.15067000779883977     
   110.00000000000000       0.14874182225529103     
   111.00000000000000       0.14687505442355858     
   112.00000000000000       0.14506789704164877     
   113.00000000000000       0.14331857289212568     
   114.00000000000000       0.14162533438459729     
   115.00000000000000       0.13998646345408167     
   116.00000000000000       0.13840027173827085     
   117.00000000000000       0.13686510099707300     
   118.00000000000000       0.13537932373865741     
   119.00000000000000       0.13394134401746802     
   120.00000000000000       0.13254959837123395     
   121.00000000000000       0.13120255686582347     
   122.00000000000000       0.12989872421877530     
   123.00000000000000       0.12863664097444000     
   124.00000000000000       0.12741488470580689     
   125.00000000000000       0.12623207122022745     
   126.00000000000000       0.12508685574832312     
   127.00000000000000       0.12397793409735419     
   128.00000000000000       0.12290404375219495     
   129.00000000000000       0.12186396490879427     
   130.00000000000000       0.12085652142659009     
   131.00000000000000       0.11988058168779799     
   132.00000000000000       0.11893505935280678     
   133.00000000000000       0.11801891400211834     
   134.00000000000000       0.11713115165636974     
   135.00000000000000       0.11627082516701077     
   136.00000000000000       0.11543703447119900     
   137.00000000000000       0.11462892670544818     
   138.00000000000000       0.11384569617354572     
   139.00000000000000       0.11308658416527198     
   140.00000000000000       0.11235087862352226     
   141.00000000000000       0.11163791365856417     
   142.00000000000000       0.11094706890937908     
   143.00000000000000       0.11027776875332117     
   144.00000000000000       0.10962948136669404     
   145.00000000000000       0.10900171764027014     
   146.00000000000000       0.10839402995524972     
   147.00000000000000       0.10780601082665010     
   148.00000000000000       0.10723729142260456     
   149.00000000000000       0.10668753996949876     
   150.00000000000000       0.10615646005425099     
   151.00000000000000       0.10564378883631070     
   152.00000000000000       0.10514929518307563     
   153.00000000000000       0.10467277774337520     
   154.00000000000000       0.10421406297440654     
   155.00000000000000       0.10377300313801628     
   156.00000000000000       0.10334947428247063     
   157.00000000000000       0.10294337422583832     
   158.00000000000000       0.10255462055682006     
   159.00000000000000       0.10218314866829011     
   160.00000000000000       0.10182890983798898     
   161.00000000000000       0.10149186936972937     
   162.00000000000000       0.10117200480718427     
   163.00000000000000       0.10086930423084164     
   164.00000000000000       0.10058376464707813     
   165.00000000000000       0.10031539047656696     
   166.00000000000000       0.10006419214743366     
   167.00000000000000        9.9830184796768695E-002
   168.00000000000000        9.9613387082335081E-002
   169.00000000000000        9.9413820104625253E-002
   170.00000000000000        9.9231506437877523E-002
   171.00000000000000        9.9066469267282312E-002
   172.00000000000000        9.8918731628448039E-002
   173.00000000000000        9.8788315744270480E-002
   174.00000000000000        9.8675242453682921E-002
   175.00000000000000        9.8579530726374751E-002
   176.00000000000000        9.8501197257448311E-002
   177.00000000000000        9.8440256136139534E-002
   178.00000000000000        9.8396718583141141E-002
   179.00000000000000        9.8370592751707064E-002
   180.00000000000000        9.8361883588569385E-002
