   0.0000000000000000        1.0466517756728397     
   1.0000000000000000        1.0460430148046433     
   2.0000000000000000        1.0442194751812426     
   3.0000000000000000        1.0411893634524989     
   4.0000000000000000        1.0369662833164330     
   5.0000000000000000        1.0315691253497588     
   6.0000000000000000        1.0250219145729438     
   7.0000000000000000        1.0173536175195699     
   8.0000000000000000        1.0085979110396612     
   9.0000000000000000       0.99879291549331239     
   10.000000000000000       0.98798089537828748     
   11.000000000000000       0.97620793077777779     
   12.000000000000000       0.96352356330762712     
   13.000000000000000       0.94998042048219611     
   14.000000000000000       0.93563382260185268     
   15.000000000000000       0.92054137639088873     
   16.000000000000000       0.90476255968168362     
   17.000000000000000       0.88835830144912176     
   18.000000000000000       0.87139056144981097     
   19.000000000000000       0.85392191361549441     
   20.000000000000000       0.83601513719206610     
   21.000000000000000       0.81773281940856923     
   22.000000000000000       0.79913697320882227     
   23.000000000000000       0.78028867328699580     
   24.000000000000000       0.76124771334315311     
   25.000000000000000       0.74207228712139961     
   26.000000000000000       0.72281869541823585     
   27.000000000000000       0.70354108085836142     
   28.000000000000000       0.68429119183604403     
   29.000000000000000       0.66511817661870143     
   30.000000000000000       0.64606840821170530     
   31.000000000000000       0.62718534019557193     
   32.000000000000000       0.60850939337418264     
   33.000000000000000       0.59007787272044476     
   34.000000000000000       0.57192491377840904     
   35.000000000000000       0.55408145738210290     
   36.000000000000000       0.53657525128436445     
   37.000000000000000       0.51943087705634228     
   38.000000000000000       0.50266980042166343     
   39.000000000000000       0.48631044302975007     
   40.000000000000000       0.47036827355062288     
   41.000000000000000       0.45485591588844815     
   42.000000000000000       0.43978327226210318     
   43.000000000000000       0.42515765888658313     
   44.000000000000000       0.41098395200706050     
   45.000000000000000       0.39726474208532436     
   46.000000000000000       0.38400049401327524     
   47.000000000000000       0.37118971132688161     
   48.000000000000000       0.35882910251318828     
   49.000000000000000       0.34691374763897292     
   50.000000000000000       0.33543726367894972     
   51.000000000000000       0.32439196708039475     
   52.000000000000000       0.31376903226629366     
   53.000000000000000       0.30355864494722307     
   54.000000000000000       0.29375014928013543     
   55.000000000000000       0.28433218807714944     
   56.000000000000000       0.27529283542687294     
   57.000000000000000       0.26661972124251526     
   58.000000000000000       0.25830014739323631     
   59.000000000000000       0.25032119520642909     
   60.000000000000000       0.24266982424779096     
   61.000000000000000       0.23533296239244816     
   62.000000000000000       0.22829758729362956     
   63.000000000000000       0.22155079943541328     
   64.000000000000000       0.21507988702311953     
   65.000000000000000       0.20887238301948327     
   66.000000000000000       0.20291611467754675     
   67.000000000000000       0.19719924595312385     
   68.000000000000000       0.19171031320177398     
   69.000000000000000       0.18643825457858862     
   70.000000000000000       0.18137243356491795     
   71.000000000000000       0.17650265704567117     
   72.000000000000000       0.17181918835515911     
   73.000000000000000       0.16731275569977225     
   74.000000000000000       0.16297455635313088     
   75.000000000000000       0.15879625700466632     
   76.000000000000000       0.15476999062673089     
   77.000000000000000       0.15088835020898650     
   78.000000000000000       0.14714437969255761     
   79.000000000000000       0.14353156242069925     
   80.000000000000000       0.14004380740780284     
   81.000000000000000       0.13667543371462967     
   82.000000000000000       0.13342115320478420     
   83.000000000000000       0.13027605194555339     
   84.000000000000000       0.12723557050525022     
   85.000000000000000       0.12429548338888506     
   86.000000000000000       0.12145187784413108     
   87.000000000000000       0.11870113225987168     
   88.000000000000000       0.11603989436984967     
   89.000000000000000       0.11346505946380873     
   90.000000000000000       0.11097374879778708     
   91.000000000000000       0.10856328838368494     
   92.000000000000000       0.10623118832572785     
   93.000000000000000       0.10397512285788359     
   94.000000000000000       0.10179291122162283     
   95.000000000000000        9.9682499507674202E-002
   96.000000000000000        9.7641943568694170E-002
   97.000000000000000        9.5669393092204874E-002
   98.000000000000000        9.3763076904946119E-002
   99.000000000000000        9.1921289561195649E-002
   100.00000000000000        9.0142379248904350E-002
   101.00000000000000        8.8424737028995198E-002
   102.00000000000000        8.6766787405187590E-002
   103.00000000000000        8.5166980204567741E-002
   104.00000000000000        8.3623783733130147E-002
   105.00000000000000        8.2135679155952449E-002
   106.00000000000000        8.0701156038788982E-002
   107.00000000000000        7.9318708976884214E-002
   108.00000000000000        7.7986835227874099E-002
   109.00000000000000        7.6704033258867252E-002
   110.00000000000000        7.5468802113218270E-002
   111.00000000000000        7.4279641500114305E-002
   112.00000000000000        7.3135052509811907E-002
   113.00000000000000        7.2033538859059124E-002
   114.00000000000000        7.0973608574736474E-002
   115.00000000000000        6.9953776028825493E-002
   116.00000000000000        6.8972564244204421E-002
   117.00000000000000        6.8028507398193119E-002
   118.00000000000000        6.7120153458919959E-002
   119.00000000000000        6.6246066898153363E-002
   120.00000000000000        6.5404831432925636E-002
   121.00000000000000        6.4595052756792073E-002
   122.00000000000000        6.3815361229637491E-002
   123.00000000000000        6.3064414502346067E-002
   124.00000000000000        6.2340900059181747E-002
   125.00000000000000        6.1643537666239430E-002
   126.00000000000000        6.0971081718725131E-002
   127.00000000000000        6.0322323483040612E-002
   128.00000000000000        5.9696093231697916E-002
   129.00000000000000        5.9091262270004455E-002
   130.00000000000000        5.8506744853337497E-002
   131.00000000000000        5.7941499992799267E-002
   132.00000000000000        5.7394533145266623E-002
   133.00000000000000        5.6864897781523129E-002
   134.00000000000000        5.6351696823483871E-002
   135.00000000000000        5.5854083938719143E-002
   136.00000000000000        5.5371264677761808E-002
   137.00000000000000        5.4902497437260715E-002
   138.00000000000000        5.4447094230102716E-002
   139.00000000000000        5.4004421242341748E-002
   140.00000000000000        5.3573899156276701E-002
   141.00000000000000        5.3155003219413903E-002
   142.00000000000000        5.2747263040393066E-002
   143.00000000000000        5.2350262095266720E-002
   144.00000000000000        5.1963636930777213E-002
   145.00000000000000        5.1587076055407077E-002
   146.00000000000000        5.1220318513882063E-002
   147.00000000000000        5.0863152146340324E-002
   148.00000000000000        5.0515411539377782E-002
   149.00000000000000        5.0176975682442782E-002
   150.00000000000000        4.9847765349376259E-002
   151.00000000000000        4.9527740231055606E-002
   152.00000000000000        4.9216895850887919E-002
   153.00000000000000        4.8915260300099114E-002
   154.00000000000000        4.8622890834187540E-002
   155.00000000000000        4.8339870375386298E-002
   156.00000000000000        4.8066303968365420E-002
   157.00000000000000        4.7802315237602401E-002
   158.00000000000000        4.7548042894790719E-002
   159.00000000000000        4.7303637343318834E-002
   160.00000000000000        4.7069257424261816E-002
   161.00000000000000        4.6845067344541060E-002
   162.00000000000000        4.6631233823039679E-002
   163.00000000000000        4.6427923484647186E-002
   164.00000000000000        4.6235300525629755E-002
   165.00000000000000        4.6053524666581497E-002
   166.00000000000000        4.5882749401736228E-002
   167.00000000000000        4.5723120545839741E-002
   168.00000000000000        4.5574775072347605E-002
   169.00000000000000        4.5437840229655697E-002
   170.00000000000000        4.5312432915618650E-002
   171.00000000000000        4.5198659284972249E-002
   172.00000000000000        4.5096614559625894E-002
   173.00000000000000        4.5006383008281699E-002
   174.00000000000000        4.4928038059571650E-002
   175.00000000000000        4.4861642511952848E-002
   176.00000000000000        4.4807248803983381E-002
   177.00000000000000        4.4764899310296605E-002
   178.00000000000000        4.4734626631529321E-002
   179.00000000000000        4.4716453850532946E-002
   180.00000000000000        4.4710394732253883E-002
