   0.0000000000000000       0.69851091863886394     
   1.0000000000000000       0.69812123391892711     
   2.0000000000000000       0.69695381271045209     
   3.0000000000000000       0.69501354146157557     
   4.0000000000000000       0.69230852303622581     
   5.0000000000000000       0.68885001536583279     
   6.0000000000000000       0.68465234650706275     
   7.0000000000000000       0.67973280703471528     
   8.0000000000000000       0.67411152094159799     
   9.0000000000000000       0.66781129644327319     
   10.000000000000000       0.66085745829201648     
   11.000000000000000       0.65327766338832904     
   12.000000000000000       0.64510170163757530     
   13.000000000000000       0.63636128413177995     
   14.000000000000000       0.62708982084079590     
   15.000000000000000       0.61732219007193423     
   16.000000000000000       0.60709450200211812     
   17.000000000000000       0.59644385860162896     
   18.000000000000000       0.58540811225391642     
   19.000000000000000       0.57402562533261459     
   20.000000000000000       0.56233503292612241     
   21.000000000000000       0.55037501080353946     
   22.000000000000000       0.53818405059549390     
   23.000000000000000       0.52580024402180037     
   24.000000000000000       0.51326107783762542     
   25.000000000000000       0.50060324099378573     
   26.000000000000000       0.48786244531798867     
   27.000000000000000       0.47507326082542284     
   28.000000000000000       0.46226896656228622     
   29.000000000000000       0.44948141767780730     
   30.000000000000000       0.43674092921220148     
   31.000000000000000       0.42407617688278221     
   32.000000000000000       0.41151411495102058     
   33.000000000000000       0.39907991106226826     
   34.000000000000000       0.38679689776958043     
   35.000000000000000       0.37468654028566489     
   36.000000000000000       0.36276841985423175     
   37.000000000000000       0.35106023199542080     
   38.000000000000000       0.33957779876064853     
   39.000000000000000       0.32833509403094752     
   40.000000000000000       0.31734428081012245     
   41.000000000000000       0.30661575939992902     
   42.000000000000000       0.29615822529880353     
   43.000000000000000       0.28597873563795223     
   44.000000000000000       0.27608278295807143     
   45.000000000000000       0.26647437513561623     
   46.000000000000000       0.25715612028817436     
   47.000000000000000       0.24812931552271075     
   48.000000000000000       0.23939403843674759     
   49.000000000000000       0.23094924033929315     
   50.000000000000000       0.22279284022384699     
   51.000000000000000       0.21492181859839771     
   52.000000000000000       0.20733231035528488     
   53.000000000000000       0.20001969594546359     
   54.000000000000000       0.19297869020550781     
   55.000000000000000       0.18620342827012704     
   56.000000000000000       0.17968754808667867     
   57.000000000000000       0.17342426912990747     
   58.000000000000000       0.16740646699384190     
   59.000000000000000       0.16162674361251653     
   60.000000000000000       0.15607749293119416     
   61.000000000000000       0.15075096191444975     
   62.000000000000000       0.14563930683642323     
   63.000000000000000       0.14073464485145534     
   64.000000000000000       0.13602910089009992     
   65.000000000000000       0.13151484996612073     
   66.000000000000000       0.12718415501470595     
   67.000000000000000       0.12302940041096246     
   68.000000000000000       0.11904312134113736     
   69.000000000000000       0.11521802921732816     
   70.000000000000000       0.11154703334013834     
   71.000000000000000       0.10802325902328989     
   72.000000000000000       0.10464006240011677     
   73.000000000000000       0.10139104213462950     
   74.000000000000000        9.8270048259964798E-002
   75.000000000000000        9.5271188364966355E-002
   76.000000000000000        9.2388831345836503E-002
   77.000000000000000        8.9617608934639215E-002
   78.000000000000000        8.6952415210274664E-002
   79.000000000000000        8.4388404290686600E-002
   80.000000000000000        8.1920986397755233E-002
   81.000000000000000        7.9545822478758133E-002
   82.000000000000000        7.7258817560616408E-002
   83.000000000000000        7.5056113005461625E-002
   84.000000000000000        7.2934077828444882E-002
   85.000000000000000        7.0889299231171446E-002
   86.000000000000000        6.8918572496687230E-002
   87.000000000000000        6.7018890384542215E-002
   88.000000000000000        6.5187432157063283E-002
   89.000000000000000        6.3421552360541533E-002
   90.000000000000000        6.1718769477522493E-002
   91.000000000000000        6.0076754558727817E-002
   92.000000000000000        5.8493319935304849E-002
   93.000000000000000        5.6966408104053526E-002
   94.000000000000000        5.5494080870017996E-002
   95.000000000000000        5.4074508822349467E-002
   96.000000000000000        5.2705961210674251E-002
   97.000000000000000        5.1386796280377137E-002
   98.000000000000000        5.0115452116293396E-002
   99.000000000000000        4.8890438035367335E-002
   100.00000000000000        4.7710326559967556E-002
   101.00000000000000        4.6573745994846996E-002
   102.00000000000000        4.5479373622298265E-002
   103.00000000000000        4.4425929521988927E-002
   104.00000000000000        4.3412171014366355E-002
   105.00000000000000        4.2436887719495331E-002
   106.00000000000000        4.1498897216818216E-002
   107.00000000000000        4.0597041285679376E-002
   108.00000000000000        3.9730182701593321E-002
   109.00000000000000        3.8897202559193267E-002
   110.00000000000000        3.8096998089597628E-002
   111.00000000000000        3.7328480937573981E-002
   112.00000000000000        3.6590575862342448E-002
   113.00000000000000        3.5882219825102105E-002
   114.00000000000000        3.5202361426330459E-002
   115.00000000000000        3.4549960656518386E-002
   116.00000000000000        3.3923988925177430E-002
   117.00000000000000        3.3323429334594916E-002
   118.00000000000000        3.2747277166809988E-002
   119.00000000000000        3.2194540554533836E-002
   120.00000000000000        3.1664241309133326E-002
   121.00000000000000        3.1155415881235479E-002
   122.00000000000000        3.0667116431895194E-002
   123.00000000000000        3.0198411994515863E-002
   124.00000000000000        2.9748389709748406E-002
   125.00000000000000        2.9316156117361762E-002
   126.00000000000000        2.8900838490537005E-002
   127.00000000000000        2.8501586199161492E-002
   128.00000000000000        2.8117572089486061E-002
   129.00000000000000        2.7747993867964650E-002
   130.00000000000000        2.7392075477249783E-002
   131.00000000000000        2.7049068452211476E-002
   132.00000000000000        2.6718253243530110E-002
   133.00000000000000        2.6398940495954315E-002
   134.00000000000000        2.6090472267776124E-002
   135.00000000000000        2.5792223177536086E-002
   136.00000000000000        2.5503601463500128E-002
   137.00000000000000        2.5224049941122297E-002
   138.00000000000000        2.4953046843585035E-002
   139.00000000000000        2.4690106530652806E-002
   140.00000000000000        2.4434780051527254E-002
   141.00000000000000        2.4186655548190938E-002
   142.00000000000000        2.3945358486889248E-002
   143.00000000000000        2.3710551706930878E-002
   144.00000000000000        2.3481935277878316E-002
   145.00000000000000        2.3259246158421041E-002
   146.00000000000000        2.3042257652740858E-002
   147.00000000000000        2.2830778662932705E-002
   148.00000000000000        2.2624652738976788E-002
   149.00000000000000        2.2423756930791516E-002
   150.00000000000000        2.2228000449956584E-002
   151.00000000000000        2.2037323151696604E-002
   152.00000000000000        2.1851693850576889E-002
   153.00000000000000        2.1671108486003888E-002
   154.00000000000000        2.1495588155967922E-002
   155.00000000000000        2.1325177039450138E-002
   156.00000000000000        2.1159940229481963E-002
   157.00000000000000        2.0999961499949812E-002
   158.00000000000000        2.0845341029853470E-002
   159.00000000000000        2.0696193108835716E-002
   160.00000000000000        2.0552643847408743E-002
   161.00000000000000        2.0414828914423960E-002
   162.00000000000000        2.0282891323001394E-002
   163.00000000000000        2.0156979284396713E-002
   164.00000000000000        2.0037244147199977E-002
   165.00000000000000        1.9923838436897955E-002
   166.00000000000000        1.9816914008270119E-002
   167.00000000000000        1.9716620320409599E-002
   168.00000000000000        1.9623102841449851E-002
   169.00000000000000        1.9536501587421096E-002
   170.00000000000000        1.9456949797138880E-002
   171.00000000000000        1.9384572742715132E-002
   172.00000000000000        1.9319486673248176E-002
   173.00000000000000        1.9261797887546162E-002
   174.00000000000000        1.9211601930411066E-002
   175.00000000000000        1.9168982906088178E-002
   176.00000000000000        1.9134012901978421E-002
   177.00000000000000        1.9106751515618959E-002
   178.00000000000000        1.9087245478241210E-002
   179.00000000000000        1.9075528368882377E-002
   180.00000000000000        1.9071620414012325E-002
