   0.0000000000000000       0.62133778072003032     
   1.0000000000000000       0.62112164139080650     
   2.0000000000000000       0.62047384315019993     
   3.0000000000000000       0.61939624181126862     
   4.0000000000000000       0.61789191899740303     
   5.0000000000000000       0.61596516514508903     
   6.0000000000000000       0.61362145590723927     
   7.0000000000000000       0.61086742215387158     
   8.0000000000000000       0.60771081381929581     
   9.0000000000000000       0.60416045789460415     
   10.000000000000000       0.60022621091054140     
   11.000000000000000       0.59591890629830357     
   12.000000000000000       0.59125029705403254     
   13.000000000000000       0.58623299416634689     
   14.000000000000000       0.58088040129488383     
   15.000000000000000       0.57520664621122242     
   16.000000000000000       0.56922650953163401     
   17.000000000000000       0.56295535128360552     
   18.000000000000000       0.55640903585512658     
   19.000000000000000       0.54960385587723437     
   20.000000000000000       0.54255645558642729     
   21.000000000000000       0.53528375420447294     
   22.000000000000000       0.52780286985901048     
   23.000000000000000       0.52013104454956571     
   24.000000000000000       0.51228557064040148     
   25.000000000000000       0.50428371933448424     
   26.000000000000000       0.49614267155212383     
   27.000000000000000       0.48787945160403673     
   28.000000000000000       0.47951086401213916     
   29.000000000000000       0.47105343379283654     
   30.000000000000000       0.46252335047738896     
   31.000000000000000       0.45393641610267144     
   32.000000000000000       0.44530799736376525     
   33.000000000000000       0.43665298207782954     
   34.000000000000000       0.42798574006707807     
   35.000000000000000       0.41932008852786845     
   36.000000000000000       0.41066926191331449     
   37.000000000000000       0.40204588631885629     
   38.000000000000000       0.39346195832418190     
   39.000000000000000       0.38492882821111268     
   40.000000000000000       0.37645718744580969     
   41.000000000000000       0.36805706028509871     
   42.000000000000000       0.35973779934106953     
   43.000000000000000       0.35150808491546359     
   44.000000000000000       0.34337592789581051     
   45.000000000000000       0.33534867598884549     
   46.000000000000000       0.32743302305342126     
   47.000000000000000       0.31963502128486804     
   48.000000000000000       0.31196009599548669     
   49.000000000000000       0.30441306273144197     
   50.000000000000000       0.29699814646463907     
   51.000000000000000       0.28971900259902095     
   52.000000000000000       0.28257873953395540     
   53.000000000000000       0.27557994253275964     
   54.000000000000000       0.26872469865173687     
   55.000000000000000       0.26201462249414881     
   56.000000000000000       0.25545088256407156     
   57.000000000000000       0.24903422800689023     
   58.000000000000000       0.24276501553600752     
   59.000000000000000       0.23664323635899737     
   60.000000000000000       0.23066854293068370     
   61.000000000000000       0.22484027537528090     
   62.000000000000000       0.21915748743461508     
   63.000000000000000       0.21361897181436207     
   64.000000000000000       0.20822328481505345     
   65.000000000000000       0.20296877014915837     
   66.000000000000000       0.19785358185973639     
   67.000000000000000       0.19287570626984937     
   68.000000000000000       0.18803298290505260     
   69.000000000000000       0.18332312434375386     
   70.000000000000000       0.17874373496199669     
   71.000000000000000       0.17429232855023891     
   72.000000000000000       0.16996634478991024     
   73.000000000000000       0.16576316458696513     
   74.000000000000000       0.16168012426823467     
   75.000000000000000       0.15771452865417990     
   76.000000000000000       0.15386366302862312     
   77.000000000000000       0.15012480403223505     
   78.000000000000000       0.14649522951197991     
   79.000000000000000       0.14297222736341089     
   80.000000000000000       0.13955310340669499     
   81.000000000000000       0.13623518834055462     
   82.000000000000000       0.13301584382099024     
   83.000000000000000       0.12989246771372684     
   84.000000000000000       0.12686249857084456     
   85.000000000000000       0.12392341938305443     
   86.000000000000000       0.12107276065959727     
   87.000000000000000       0.11830810288782176     
   88.000000000000000       0.11562707842416647     
   89.000000000000000       0.11302737286757884     
   90.000000000000000       0.11050672596537466     
   91.000000000000000       0.10806293210022057     
   92.000000000000000       0.10569384040533772     
   93.000000000000000       0.10339735455321102     
   94.000000000000000       0.10117143226107997     
   95.000000000000000        9.9014084554308490E-002
   96.000000000000000        9.6923374826421479E-002
   97.000000000000000        9.4897417732174888E-002
   98.000000000000000        9.2934377947525293E-002
   99.000000000000000        9.1032468827812865E-002
   100.00000000000000        8.9189950992886860E-002
   101.00000000000000        8.7405130865315733E-002
   102.00000000000000        8.5676359185253126E-002
   103.00000000000000        8.4002029522995986E-002
   104.00000000000000        8.2380576807795702E-002
   105.00000000000000        8.0810475889078554E-002
   106.00000000000000        7.9290240143917973E-002
   107.00000000000000        7.7818420142389572E-002
   108.00000000000000        7.6393602380342721E-002
   109.00000000000000        7.5014408087147183E-002
   110.00000000000000        7.3679492114131245E-002
   111.00000000000000        7.2387541907720579E-002
   112.00000000000000        7.1137276569719243E-002
   113.00000000000000        6.9927446005748156E-002
   114.00000000000000        6.8756830161571428E-002
   115.00000000000000        6.7624238345894511E-002
   116.00000000000000        6.6528508637205858E-002
   117.00000000000000        6.5468507371355761E-002
   118.00000000000000        6.4443128705808428E-002
   119.00000000000000        6.3451294255867888E-002
   120.00000000000000        6.2491952797651386E-002
   121.00000000000000        6.1564080032159699E-002
   122.00000000000000        6.0666678404467364E-002
   123.00000000000000        5.9798776971811074E-002
   124.00000000000000        5.8959431314194587E-002
   125.00000000000000        5.8147723481033420E-002
   126.00000000000000        5.7362761967337507E-002
   127.00000000000000        5.6603681712956405E-002
   128.00000000000000        5.5869644118494079E-002
   129.00000000000000        5.5159837071624675E-002
   130.00000000000000        5.4473474977709720E-002
   131.00000000000000        5.3809798788819960E-002
   132.00000000000000        5.3168076025504503E-002
   133.00000000000000        5.2547600785919073E-002
   134.00000000000000        5.1947693737223438E-002
   135.00000000000000        5.1367702084483449E-002
   136.00000000000000        5.0806999512662737E-002
   137.00000000000000        5.0264986097665762E-002
   138.00000000000000        4.9741088182787836E-002
   139.00000000000000        4.9234758217348150E-002
   140.00000000000000        4.8745474554717526E-002
   141.00000000000000        4.8272741207406676E-002
   142.00000000000000        4.7816087557352289E-002
   143.00000000000000        4.7375068020016842E-002
   144.00000000000000        4.6949261661412209E-002
   145.00000000000000        4.6538271767651164E-002
   146.00000000000000        4.6141725367131167E-002
   147.00000000000000        4.5759272705949386E-002
   148.00000000000000        4.5390586677637408E-002
   149.00000000000000        4.5035362208780245E-002
   150.00000000000000        4.4693315602544505E-002
   151.00000000000000        4.4364183842578155E-002
   152.00000000000000        4.4047723860156020E-002
   153.00000000000000        4.3743711767825523E-002
   154.00000000000000        4.3451942063151380E-002
   155.00000000000000        4.3172226806464667E-002
   156.00000000000000        4.2904394776784309E-002
   157.00000000000000        4.2648290610298747E-002
   158.00000000000000        4.2403773925967544E-002
   159.00000000000000        4.2170718442927760E-002
   160.00000000000000        4.1949011094467963E-002
   161.00000000000000        4.1738551143363112E-002
   162.00000000000000        4.1539249303349540E-002
   163.00000000000000        4.1351026871461076E-002
   164.00000000000000        4.1173814875850194E-002
   165.00000000000000        4.1007553243582670E-002
   166.00000000000000        4.0852189992727793E-002
   167.00000000000000        4.0707680452869217E-002
   168.00000000000000        4.0573986517942064E-002
   169.00000000000000        4.0451075935062662E-002
   170.00000000000000        4.0338921632762516E-002
   171.00000000000000        4.0237501091773452E-002
   172.00000000000000        4.0146795761239931E-002
   173.00000000000000        4.0066790522960374E-002
   174.00000000000000        3.9997473205985110E-002
   175.00000000000000        3.9938834153629664E-002
   176.00000000000000        3.9890865844694201E-002
   177.00000000000000        3.9853562570423114E-002
   178.00000000000000        3.9826920168484631E-002
   179.00000000000000        3.9810935815007047E-002
   180.00000000000000        3.9805607875468677E-002
