   0.0000000000000000       0.54381631328224123     
   1.0000000000000000       0.54370225971164088     
   2.0000000000000000       0.54336031303580834     
   3.0000000000000000       0.54279111454647644     
   4.0000000000000000       0.54199573034755610     
   5.0000000000000000       0.54097564729893133     
   6.0000000000000000       0.53973276737215437     
   7.0000000000000000       0.53826940045205840     
   8.0000000000000000       0.53658825562755197     
   9.0000000000000000       0.53469243102371644     
   10.000000000000000       0.53258540223575956     
   11.000000000000000       0.53027100943331140     
   12.000000000000000       0.52775344321090800     
   13.000000000000000       0.52503722926725360     
   14.000000000000000       0.52212721200192325     
   15.000000000000000       0.51902853712351671     
   16.000000000000000       0.51574663336790261     
   17.000000000000000       0.51228719342899587     
   18.000000000000000       0.50865615420757093     
   19.000000000000000       0.50485967648582197     
   20.000000000000000       0.50090412413680707     
   21.000000000000000       0.49679604297851521     
   22.000000000000000       0.49254213938210240     
   23.000000000000000       0.48814925874288362     
   24.000000000000000       0.48362436392094066     
   25.000000000000000       0.47897451375578104     
   26.000000000000000       0.47420684175634903     
   27.000000000000000       0.46932853506395739     
   28.000000000000000       0.46434681378135551     
   29.000000000000000       0.45926891075627668     
   30.000000000000000       0.45410205190247133     
   31.000000000000000       0.44885343713544013     
   32.000000000000000       0.44353022199397657     
   33.000000000000000       0.43813950001219970     
   34.000000000000000       0.43268828590010211     
   35.000000000000000       0.42718349958383062     
   36.000000000000000       0.42163195114997870     
   37.000000000000000       0.41604032673121144     
   38.000000000000000       0.41041517536357708     
   39.000000000000000       0.40476289683898170     
   40.000000000000000       0.39908973056953345     
   41.000000000000000       0.39340174547387757     
   42.000000000000000       0.38770483088926794     
   43.000000000000000       0.38200468850701647     
   44.000000000000000       0.37630682532314363     
   45.000000000000000       0.37061654759057366     
   46.000000000000000       0.36493895575409713     
   47.000000000000000       0.35927894034458446     
   48.000000000000000       0.35364117880458845     
   49.000000000000000       0.34803013321355486     
   50.000000000000000       0.34245004887736002     
   51.000000000000000       0.33690495374382246     
   52.000000000000000       0.33139865860318657     
   53.000000000000000       0.32593475803038108     
   54.000000000000000       0.32051663202403474     
   55.000000000000000       0.31514744829586899     
   56.000000000000000       0.30983016516308393     
   57.000000000000000       0.30456753499575018     
   58.000000000000000       0.29936210817096925     
   59.000000000000000       0.29421623748566045     
   60.000000000000000       0.28913208298023790     
   61.000000000000000       0.28411161712615440     
   62.000000000000000       0.27915663033125865     
   63.000000000000000       0.27426873671813762     
   64.000000000000000       0.26944938013205150     
   65.000000000000000       0.26469984033670463     
   66.000000000000000       0.26002123935789356     
   67.000000000000000       0.25541454793701240     
   68.000000000000000       0.25088059205846092     
   69.000000000000000       0.24642005951713922     
   70.000000000000000       0.24203350649444894     
   71.000000000000000       0.23772136411347380     
   72.000000000000000       0.23348394494631999     
   73.000000000000000       0.22932144944889213     
   74.000000000000000       0.22523397230067821     
   75.000000000000000       0.22122150862938086     
   76.000000000000000       0.21728396010245779     
   77.000000000000000       0.21342114086980424     
   78.000000000000000       0.20963278334391180     
   79.000000000000000       0.20591854380586347     
   80.000000000000000       0.20227800782746339     
   81.000000000000000       0.19871069550164405     
   82.000000000000000       0.19521606647503664     
   83.000000000000000       0.19179352477823097     
   84.000000000000000       0.18844242345077949     
   85.000000000000000       0.18516206895942025     
   86.000000000000000       0.18195172540929982     
   87.000000000000000       0.17881061854916697     
   88.000000000000000       0.17573793957259468     
   89.000000000000000       0.17273284871825245     
   90.000000000000000       0.16979447867311354     
   91.000000000000000       0.16692193778323894     
   92.000000000000000       0.16411431307742877     
   93.000000000000000       0.16137067310958866     
   94.000000000000000       0.15869007062611970     
   95.000000000000000       0.15607154506500714     
   96.000000000000000       0.15351412489357721     
   97.000000000000000       0.15101682979209352     
   98.000000000000000       0.14857867269050395     
   99.000000000000000       0.14619866166571566     
   100.00000000000000       0.14387580170678263     
   101.00000000000000       0.14160909635534077     
   102.00000000000000       0.13939754922852479     
   103.00000000000000       0.13724016543145784     
   104.00000000000000       0.13513595286622054     
   105.00000000000000       0.13308392344398767     
   106.00000000000000       0.13108309420677497     
   107.00000000000000       0.12913248836496807     
   108.00000000000000       0.12723113625651503     
   109.00000000000000       0.12537807623335936     
   110.00000000000000       0.12357235548037623     
   111.00000000000000       0.12181303077175010     
   112.00000000000000       0.12009916916940792     
   113.00000000000000       0.11842984866779567     
   114.00000000000000       0.11680415878896190     
   115.00000000000000       0.11522120113159663     
   116.00000000000000       0.11368008987736120     
   117.00000000000000       0.11217995225754715     
   118.00000000000000       0.11071992898281315     
   119.00000000000000       0.10929917463847283     
   120.00000000000000       0.10791685804754818     
   121.00000000000000       0.10657216260355508     
   122.00000000000000       0.10526428657476304     
   123.00000000000000       0.10399244338145291     
   124.00000000000000       0.10275586184750965     
   125.00000000000000       0.10155378642750217     
   126.00000000000000       0.10038547741025050     
   127.00000000000000        9.9250211099729937E-002
   128.00000000000000        9.8147279974045112E-002
   129.00000000000000        9.7075992823092455E-002
   130.00000000000000        9.6035674865440748E-002
   131.00000000000000        9.5025667844882658E-002
   132.00000000000000        9.4045330107048256E-002
   133.00000000000000        9.3094036656426946E-002
   134.00000000000000        9.2171179194107389E-002
   135.00000000000000        9.1276166136529349E-002
   136.00000000000000        9.0408422615528325E-002
   137.00000000000000        8.9567390459959650E-002
   138.00000000000000        8.8752528159198499E-002
   139.00000000000000        8.7963310808835751E-002
   140.00000000000000        8.7199230038918094E-002
   141.00000000000000        8.6459793925116074E-002
   142.00000000000000        8.5744526883249378E-002
   143.00000000000000        8.5052969547643159E-002
   144.00000000000000        8.4384678633843607E-002
   145.00000000000000        8.3739226786273435E-002
   146.00000000000000        8.3116202411468193E-002
   147.00000000000000        8.2515209497589989E-002
   148.00000000000000        8.1935867420976721E-002
   149.00000000000000        8.1377810740542095E-002
   150.00000000000000        8.0840688980899911E-002
   151.00000000000000        8.0324166405141922E-002
   152.00000000000000        7.9827921778251196E-002
   153.00000000000000        7.9351648122182927E-002
   154.00000000000000        7.8895052463690413E-002
   155.00000000000000        7.8457855576015464E-002
   156.00000000000000        7.8039791715599216E-002
   157.00000000000000        7.7640608354999682E-002
   158.00000000000000        7.7260065913229481E-002
   159.00000000000000        7.6897937484744466E-002
   160.00000000000000        7.6554008568329876E-002
   161.00000000000000        7.6228076797135072E-002
   162.00000000000000        7.5919951671109792E-002
   163.00000000000000        7.5629454293088622E-002
   164.00000000000000        7.5356417109756713E-002
   165.00000000000000        7.5100683658711337E-002
   166.00000000000000        7.4862108322808416E-002
   167.00000000000000        7.4640556092950464E-002
   168.00000000000000        7.4435902340435664E-002
   169.00000000000000        7.4248032599942726E-002
   170.00000000000000        7.4076842364178649E-002
   171.00000000000000        7.3922236891161119E-002
   172.00000000000000        7.3784131025047217E-002
   173.00000000000000        7.3662449031359031E-002
   174.00000000000000        7.3557124447384922E-002
   175.00000000000000        7.3468099948467064E-002
   176.00000000000000        7.3395327230807342E-002
   177.00000000000000        7.3338766911348510E-002
   178.00000000000000        7.3298388445203116E-002
   179.00000000000000        7.3274170061023283E-002
   180.00000000000000        7.3266098714615771E-002
