   0.0000000000000000        1.1545289917648391     
   1.0000000000000000        1.1541739126971209     
   2.0000000000000000        1.1531097154058705     
   3.0000000000000000        1.1513395136628750     
   4.0000000000000000        1.1488684772599522     
   5.0000000000000000        1.1457038024482926     
   6.0000000000000000        1.1418546709135453     
   7.0000000000000000        1.1373321976416129     
   8.0000000000000000        1.1321493681243666     
   9.0000000000000000        1.1263209654436175     
   10.000000000000000        1.1198634878545084     
   11.000000000000000        1.1127950575652699     
   12.000000000000000        1.1051353214780857     
   13.000000000000000        1.0969053447150381     
   14.000000000000000        1.0881274978030953     
   15.000000000000000        1.0788253384324760     
   16.000000000000000        1.0690234887331487     
   17.000000000000000        1.0587475090345009     
   18.000000000000000        1.0480237690833389     
   19.000000000000000        1.0368793176954334     
   20.000000000000000        1.0253417518060193     
   21.000000000000000        1.0134390858653530     
   22.000000000000000        1.0011996224971247     
   23.000000000000000       0.98865182530068685     
   24.000000000000000       0.97582419463350201     
   25.000000000000000       0.96274514715855297     
   26.000000000000000       0.94944289988360020     
   27.000000000000000       0.93594535935594714     
   28.000000000000000       0.92228001660872783     
   29.000000000000000       0.90847384838357259     
   30.000000000000000       0.89455322508082313     
   31.000000000000000       0.88054382581319945     
   32.000000000000000       0.86647056086287877     
   33.000000000000000       0.85235750176627068     
   34.000000000000000       0.83822781917620393     
   35.000000000000000       0.82410372857859593     
   36.000000000000000       0.81000644387067933     
   37.000000000000000       0.79595613874126059     
   38.000000000000000       0.78197191573075453     
   39.000000000000000       0.76807178279054023     
   40.000000000000000       0.75427263710782277     
   41.000000000000000       0.74059025591410765     
   42.000000000000000       0.72703929395273836     
   43.000000000000000       0.71363328724403385     
   44.000000000000000       0.70038466275531475     
   45.000000000000000       0.68730475355764131     
   46.000000000000000       0.67440381903129376     
   47.000000000000000       0.66169106966773339     
   48.000000000000000       0.64917469600684885     
   49.000000000000000       0.63686190124439146     
   50.000000000000000       0.62475893704538021     
   51.000000000000000       0.61287114210450311     
   52.000000000000000       0.60120298300385688     
   53.000000000000000       0.58975809693125480     
   54.000000000000000       0.57853933583844908     
   55.000000000000000       0.56754881163749238     
   56.000000000000000       0.55678794205466908     
   57.000000000000000       0.54625749678459079     
   58.000000000000000       0.53595764361166820     
   59.000000000000000       0.52588799419195498     
   60.000000000000000       0.51604764921485313     
   61.000000000000000       0.50643524269106410     
   62.000000000000000       0.49704898514014562     
   63.000000000000000       0.48788670547779450     
   64.000000000000000       0.47894589142924310     
   65.000000000000000       0.47022372832076009     
   66.000000000000000       0.46171713612592497     
   67.000000000000000       0.45342280466698009     
   68.000000000000000       0.44533722689401140     
   69.000000000000000       0.43745673018586101     
   70.000000000000000       0.42977750563644734     
   71.000000000000000       0.42229563530853492     
   72.000000000000000       0.41500711745389068     
   73.000000000000000       0.40790788971419711     
   74.000000000000000       0.40099385033107393     
   75.000000000000000       0.39426087740608118     
   76.000000000000000       0.38770484626271429     
   77.000000000000000       0.38132164497214338     
   78.000000000000000       0.37510718811290067     
   79.000000000000000       0.36905742884188841     
   80.000000000000000       0.36316836936005670     
   81.000000000000000       0.35743606986093268     
   82.000000000000000       0.35185665605394001     
   83.000000000000000       0.34642632535718848     
   84.000000000000000       0.34114135185621014     
   85.000000000000000       0.33599809012603044     
   86.000000000000000       0.33099297801405186     
   87.000000000000000       0.32612253848055217     
   88.000000000000000       0.32138338059223831     
   89.000000000000000       0.31677219976228138     
   90.000000000000000       0.31228577732767099     
   91.000000000000000       0.30792097955161701     
   92.000000000000000       0.30367475613514455     
   93.000000000000000       0.29954413831804855     
   94.000000000000000       0.29552623664502681     
   95.000000000000000       0.29161823846818669     
   96.000000000000000       0.28781740525223187     
   97.000000000000000       0.28412106974358087     
   98.000000000000000       0.28052663305946912     
   99.000000000000000       0.27703156174781324     
   100.00000000000000       0.27363338486330735     
   101.00000000000000       0.27032969109994170     
   102.00000000000000       0.26711812601491924     
   103.00000000000000       0.26399638937384140     
   104.00000000000000       0.26096223264209195     
   105.00000000000000       0.25801345664259423     
   106.00000000000000       0.25514790939559234     
   107.00000000000000       0.25236348415184123     
   108.00000000000000       0.24965811762660839     
   109.00000000000000       0.24702978843821019     
   110.00000000000000       0.24447651575144777     
   111.00000000000000       0.24199635812328138     
   112.00000000000000       0.23958741254538815     
   113.00000000000000       0.23724781367589765     
   114.00000000000000       0.23497573325057836     
   115.00000000000000       0.23276937966205483     
   116.00000000000000       0.23062699769425987     
   117.00000000000000       0.22854686839824220     
   118.00000000000000       0.22652730909465657     
   119.00000000000000       0.22456667348772702     
   120.00000000000000       0.22266335187517339     
   121.00000000000000       0.22081577143851891     
   122.00000000000000       0.21902239659830111     
   123.00000000000000       0.21728172941899448     
   124.00000000000000       0.21559231004888296     
   125.00000000000000       0.21395271718066514     
   126.00000000000000       0.21236156851923618     
   127.00000000000000       0.21081752124382314     
   128.00000000000000       0.20931927245245546     
   129.00000000000000       0.20786555957760622     
   130.00000000000000       0.20645516076272882     
   131.00000000000000       0.20508689519033352     
   132.00000000000000       0.20375962335317646     
   133.00000000000000       0.20247224726107901     
   134.00000000000000       0.20122371057683511     
   135.00000000000000       0.20001299867561367     
   136.00000000000000       0.19883913862318953     
   137.00000000000000       0.19770119906927691     
   138.00000000000000       0.19659829005314811     
   139.00000000000000       0.19552956271963520     
   140.00000000000000       0.19449420894449929     
   141.00000000000000       0.19349146086903135     
   142.00000000000000       0.19252059034460611     
   143.00000000000000       0.19158090828874486     
   144.00000000000000       0.19067176395505189     
   145.00000000000000       0.18979254412016788     
   146.00000000000000       0.18894267219162611     
   147.00000000000000       0.18812160724119326     
   148.00000000000000       0.18732884296893221     
   149.00000000000000       0.18656390660381447     
   150.00000000000000       0.18582635774724740     
   151.00000000000000       0.18511578716634236     
   152.00000000000000       0.18443181554414215     
   153.00000000000000       0.18377409219433588     
   154.00000000000000       0.18314229374821123     
   155.00000000000000       0.18253612282173701     
   156.00000000000000       0.18195530667071366     
   157.00000000000000       0.18139959584188783     
   158.00000000000000       0.18086876282779968     
   159.00000000000000       0.18036260073291710     
   160.00000000000000       0.17988092195831404     
   161.00000000000000       0.17942355691178877     
   162.00000000000000       0.17899035274987984     
   163.00000000000000       0.17858117215775640     
   164.00000000000000       0.17819589217242751     
   165.00000000000000       0.17783440305414930     
   166.00000000000000       0.17749660721033386     
   167.00000000000000       0.17718241817566885     
   168.00000000000000       0.17689175965157619     
   169.00000000000000       0.17662456460757534     
   170.00000000000000       0.17638077444657910     
   171.00000000000000       0.17616033823565466     
   172.00000000000000       0.17596321200333775     
   173.00000000000000       0.17578935810419294     
   174.00000000000000       0.17563874465098775     
   175.00000000000000       0.17551134501457513     
   176.00000000000000       0.17540713739138278     
   177.00000000000000       0.17532610443826641     
   178.00000000000000       0.17526823297440527     
   179.00000000000000       0.17523351374989785     
   180.00000000000000       0.17522194128073515     
