   0.0000000000000000       0.42674839279642812     
   1.0000000000000000       0.42671741581200417     
   2.0000000000000000       0.42662451040826910     
   3.0000000000000000       0.42646975319020453     
   4.0000000000000000       0.42625327168746940     
   5.0000000000000000       0.42597524413687510     
   6.0000000000000000       0.42563589917874306     
   7.0000000000000000       0.42523551546801819     
   8.0000000000000000       0.42477442120127012     
   9.0000000000000000       0.42425299356094848     
   10.000000000000000       0.42367165807849722     
   11.000000000000000       0.42303088791815280     
   12.000000000000000       0.42233120308348593     
   13.000000000000000       0.42157316954893881     
   14.000000000000000       0.42075739831883019     
   15.000000000000000       0.41988454441647693     
   16.000000000000000       0.41895530580627344     
   17.000000000000000       0.41797042225172881     
   18.000000000000000       0.41693067411262769     
   19.000000000000000       0.41583688108461236     
   20.000000000000000       0.41468990088462765     
   21.000000000000000       0.41349062788577351     
   22.000000000000000       0.41223999170522524     
   23.000000000000000       0.41093895574895245     
   24.000000000000000       0.40958851571706423     
   25.000000000000000       0.40818969807364125     
   26.000000000000000       0.40674355848498334     
   27.000000000000000       0.40525118023021234     
   28.000000000000000       0.40371367258820101     
   29.000000000000000       0.40213216920478523     
   30.000000000000000       0.40050782644421618     
   31.000000000000000       0.39884182172877525     
   32.000000000000000       0.39713535187044158     
   33.000000000000000       0.39538963139843858     
   34.000000000000000       0.39360589088643549     
   35.000000000000000       0.39178537528309476     
   36.000000000000000       0.38992934224956605     
   37.000000000000000       0.38803906050744036     
   38.000000000000000       0.38611580820055857     
   39.000000000000000       0.38416087127396153     
   40.000000000000000       0.38217554187313341     
   41.000000000000000       0.38016111676656783     
   42.000000000000000       0.37811889579453822     
   43.000000000000000       0.37605018034680959     
   44.000000000000000       0.37395627187188446     
   45.000000000000000       0.37183847042020779     
   46.000000000000000       0.36969807322360676     
   47.000000000000000       0.36753637331307415     
   48.000000000000000       0.36535465817684071     
   49.000000000000000       0.36315420846051238     
   50.000000000000000       0.36093629671088751     
   51.000000000000000       0.35870218616489785     
   52.000000000000000       0.35645312958495012     
   53.000000000000000       0.35419036814178456     
   54.000000000000000       0.35191513034579963     
   55.000000000000000       0.34962863102763447     
   56.000000000000000       0.34733207036864000     
   57.000000000000000       0.34502663298172170     
   58.000000000000000       0.34271348704287935     
   59.000000000000000       0.34039378347363269     
   60.000000000000000       0.33806865517437462     
   61.000000000000000       0.33573921630856390     
   62.000000000000000       0.33340656163753540     
   63.000000000000000       0.33107176590558768     
   64.000000000000000       0.32873588327488634     
   65.000000000000000       0.32639994680961276     
   66.000000000000000       0.32406496800868240     
   67.000000000000000       0.32173193638626096     
   68.000000000000000       0.31940181909921350     
   69.000000000000000       0.31707556062053649     
   70.000000000000000       0.31475408245775122     
   71.000000000000000       0.31243828291515519     
   72.000000000000000       0.31012903689877763     
   73.000000000000000       0.30782719576281364     
   74.000000000000000       0.30553358719627199     
   75.000000000000000       0.30324901514852048     
   76.000000000000000       0.30097425979237541     
   77.000000000000000       0.29871007752335049     
   78.000000000000000       0.29645720099365408     
   79.000000000000000       0.29421633917949802     
   80.000000000000000       0.29198817748027694     
   81.000000000000000       0.28977337784815022     
   82.000000000000000       0.28757257894656979     
   83.000000000000000       0.28538639633628532     
   84.000000000000000       0.28321542268736716     
   85.000000000000000       0.28106022801579117     
   86.000000000000000       0.27892135994314837     
   87.000000000000000       0.27679934397804945     
   88.000000000000000       0.27469468381781814     
   89.000000000000000       0.27260786166908829     
   90.000000000000000       0.27053933858594398     
   91.000000000000000       0.26848955482426801     
   92.000000000000000       0.26645893021099715     
   93.000000000000000       0.26444786452700592     
   94.000000000000000       0.26245673790239016     
   95.000000000000000       0.26048591122293580     
   96.000000000000000       0.25853572654661061     
   97.000000000000000       0.25660650752894959     
   98.000000000000000       0.25469855985623868     
   99.000000000000000       0.25281217168544884     
   100.00000000000000       0.25094761408990357     
   101.00000000000000       0.24910514150971080     
   102.00000000000000       0.24728499220602479     
   103.00000000000000       0.24548738871824732     
   104.00000000000000       0.24371253832331763     
   105.00000000000000       0.24196063349627789     
   106.00000000000000       0.24023185237134601     
   107.00000000000000       0.23852635920275972     
   108.00000000000000       0.23684430482470503     
   109.00000000000000       0.23518582710966615     
   110.00000000000000       0.23355105142458962     
   111.00000000000000       0.23194009108427288     
   112.00000000000000       0.23035304780144031     
   113.00000000000000       0.22879001213299197     
   114.00000000000000       0.22725106392195440     
   115.00000000000000       0.22573627273468824     
   116.00000000000000       0.22424569829294402     
   117.00000000000000       0.22277939090038870     
   118.00000000000000       0.22133739186325072     
   119.00000000000000       0.21991973390476893     
   120.00000000000000       0.21852644157314988     
   121.00000000000000       0.21715753164276896     
   122.00000000000000       0.21581301350837986     
   123.00000000000000       0.21449288957211263     
   124.00000000000000       0.21319715562307467     
   125.00000000000000       0.21192580120938409     
   126.00000000000000       0.21067881000248903     
   127.00000000000000       0.20945616015364751     
   128.00000000000000       0.20825782464246193     
   129.00000000000000       0.20708377161737912     
   130.00000000000000       0.20593396472808687     
   131.00000000000000       0.20480836344975287     
   132.00000000000000       0.20370692339906757     
   133.00000000000000       0.20262959664206909     
   134.00000000000000       0.20157633199374067     
   135.00000000000000       0.20054707530938301     
   136.00000000000000       0.19954176976778085     
   137.00000000000000       0.19856035614618830     
   138.00000000000000       0.19760277308717319     
   139.00000000000000       0.19666895735736828     
   140.00000000000000       0.19575884409818600     
   141.00000000000000       0.19487236706856378     
   142.00000000000000       0.19400945887981266     
   143.00000000000000       0.19317005122265049     
   144.00000000000000       0.19235407508650657     
   145.00000000000000       0.19156146097119006     
   146.00000000000000       0.19079213909102302     
   147.00000000000000       0.19004603957153660     
   148.00000000000000       0.18932309263884048     
   149.00000000000000       0.18862322880177576     
   150.00000000000000       0.18794637902696132     
   151.00000000000000       0.18729247490685352     
   152.00000000000000       0.18666144882093247     
   153.00000000000000       0.18605323409013844     
   154.00000000000000       0.18546776512467206     
   155.00000000000000       0.18490497756528529     
   156.00000000000000       0.18436480841817712     
   157.00000000000000       0.18384719618361858     
   158.00000000000000       0.18335208097842240     
   159.00000000000000       0.18287940465237712     
   160.00000000000000       0.18242911089876065     
   161.00000000000000       0.18200114535904727     
   162.00000000000000       0.18159545572191918     
   163.00000000000000       0.18121199181669273     
   164.00000000000000       0.18085070570126224     
   165.00000000000000       0.18051155174466718     
   166.00000000000000       0.18019448670437740     
   167.00000000000000       0.17989946979839369     
   168.00000000000000       0.17962646277225292     
   169.00000000000000       0.17937542996102263     
   170.00000000000000       0.17914633834636642     
   171.00000000000000       0.17893915760875689     
   172.00000000000000       0.17875386017490383     
   173.00000000000000       0.17859042126046679     
   174.00000000000000       0.17844881890810646     
   175.00000000000000       0.17832903402093381     
   176.00000000000000       0.17823105039139978     
   177.00000000000000       0.17815485472567058     
   178.00000000000000       0.17810043666352171     
   179.00000000000000       0.17806778879378193     
   180.00000000000000       0.17805690666534688     
