   0.0000000000000000        1.1978454340239053     
   1.0000000000000000        1.1975390763300160     
   2.0000000000000000        1.1966208000237055     
   3.0000000000000000        1.1950929912902799     
   4.0000000000000000        1.1929596133358231     
   5.0000000000000000        1.1902261858486423     
   6.0000000000000000        1.1868997564752000     
   7.0000000000000000        1.1829888645374209     
   8.0000000000000000        1.1785034972788750     
   9.0000000000000000        1.1734550389848351     
   10.000000000000000        1.1678562133750188     
   11.000000000000000        1.1617210197173802     
   12.000000000000000        1.1550646631561245     
   13.000000000000000        1.1479034797868140     
   14.000000000000000        1.1402548570455042     
   15.000000000000000        1.1321371500071757     
   16.000000000000000        1.1235695942110171     
   17.000000000000000        1.1145722156461744     
   18.000000000000000        1.1051657385414879     
   19.000000000000000        1.0953714916064070     
   20.000000000000000        1.0852113133677970     
   21.000000000000000        1.0747074572389954     
   22.000000000000000        1.0638824969433631     
   23.000000000000000        1.0527592328950415     
   24.000000000000000        1.0413606001150932     
   25.000000000000000        1.0297095782319690     
   26.000000000000000        1.0178291040818501     
   27.000000000000000        1.0057419873873104     
   28.000000000000000       0.99347082995246461     
   29.000000000000000       0.98103794876982897     
   30.000000000000000       0.96846530338913550     
   31.000000000000000       0.95577442785178102     
   32.000000000000000       0.94298636744709763     
   33.000000000000000       0.93012162049868774     
   34.000000000000000       0.91720008534123787     
   35.000000000000000       0.90424101260100009     
   36.000000000000000       0.89126296284697115     
   37.000000000000000       0.87828376963518806     
   38.000000000000000       0.86532050792583803     
   39.000000000000000       0.85238946781245351     
   40.000000000000000       0.83950613346461733     
   41.000000000000000       0.82668516715061502     
   42.000000000000000       0.81394039817454844     
   43.000000000000000       0.80128481653371653     
   44.000000000000000       0.78873057107676015     
   45.000000000000000       0.77628897192111435     
   46.000000000000000       0.76397049686986640     
   47.000000000000000       0.75178480155305605     
   48.000000000000000       0.73974073300679677     
   49.000000000000000       0.72784634639518042     
   50.000000000000000       0.71610892457471353     
   51.000000000000000       0.70453500019873283     
   52.000000000000000       0.69313038005985728     
   53.000000000000000       0.68190017137166625     
   54.000000000000000       0.67084880969637528     
   55.000000000000000       0.65998008823301879     
   56.000000000000000       0.64929718819028703     
   57.000000000000000       0.63880270997953792     
   58.000000000000000       0.62849870497628846     
   59.000000000000000       0.61838670761249137     
   60.000000000000000       0.60846776757689913     
   61.000000000000000       0.59874248191654400     
   62.000000000000000       0.58921102684863824     
   63.000000000000000       0.57987318910882835     
   64.000000000000000       0.57072839667849162     
   65.000000000000000       0.56177574875053504     
   66.000000000000000       0.55301404480972827     
   67.000000000000000       0.54444181271988168     
   68.000000000000000       0.53605733572601399     
   69.000000000000000       0.52785867829496291     
   70.000000000000000       0.51984371073255276     
   71.000000000000000       0.51201013252940619     
   72.000000000000000       0.50435549440068317     
   73.000000000000000       0.49687721899741982     
   74.000000000000000       0.48957262027867532     
   75.000000000000000       0.48243892154436463     
   76.000000000000000       0.47547327213843477     
   77.000000000000000       0.46867276284094117     
   78.000000000000000       0.46203443997557619     
   79.000000000000000       0.45555531826635415     
   80.000000000000000       0.44923239248341845     
   81.000000000000000       0.44306264792338906     
   82.000000000000000       0.43704306977429908     
   83.000000000000000       0.43117065141903166     
   84.000000000000000       0.42544240173427850     
   85.000000000000000       0.41985535144444935     
   86.000000000000000       0.41440655859169828     
   87.000000000000000       0.40909311318433250     
   88.000000000000000       0.40391214108638873     
   89.000000000000000       0.39886080721112288     
   90.000000000000000       0.39393631808061519     
   91.000000000000000       0.38913592381268791     
   92.000000000000000       0.38445691959489692     
   93.000000000000000       0.37989664670355461     
   94.000000000000000       0.37545249312359069     
   95.000000000000000       0.37112189382261368     
   96.000000000000000       0.36690233072984990     
   97.000000000000000       0.36279133246772016     
   98.000000000000000       0.35878647388074769     
   99.000000000000000       0.35488537540327680     
   100.00000000000000       0.35108570230418135     
   101.00000000000000       0.34738516384338819     
   102.00000000000000       0.34378151237165339     
   103.00000000000000       0.34027254240167137     
   104.00000000000000       0.33685608967526048     
   105.00000000000000       0.33353003024812555     
   106.00000000000000       0.33029227961052743     
   107.00000000000000       0.32714079185916711     
   108.00000000000000       0.32407355893268514     
   109.00000000000000       0.32108860992044419     
   110.00000000000000       0.31818401045170175     
   111.00000000000000       0.31535786216989636     
   112.00000000000000       0.31260830229459174     
   113.00000000000000       0.30993350327163549     
   114.00000000000000       0.30733167251030746     
   115.00000000000000       0.30480105220465875     
   116.00000000000000       0.30233991923486064     
   117.00000000000000       0.29994658514320705     
   118.00000000000000       0.29761939617842498     
   119.00000000000000       0.29535673340114349     
   120.00000000000000       0.29315701284273910     
   121.00000000000000       0.29101868570931311     
   122.00000000000000       0.28894023862223622     
   123.00000000000000       0.28692019388652412     
   124.00000000000000       0.28495710977826627     
   125.00000000000000       0.28304958084238901     
   126.00000000000000       0.28119623819222073     
   127.00000000000000       0.27939574980257892     
   128.00000000000000       0.27764682078845582     
   129.00000000000000       0.27594819366178280     
   130.00000000000000       0.27429864855923564     
   131.00000000000000       0.27269700343455971     
   132.00000000000000       0.27114211420945816     
   133.00000000000000       0.26963287487768445     
   134.00000000000000       0.26816821755759768     
   135.00000000000000       0.26674711248908151     
   136.00000000000000       0.26536856797137748     
   137.00000000000000       0.26403163023904186     
   138.00000000000000       0.26273538327390211     
   139.00000000000000       0.26147894855153431     
   140.00000000000000       0.26026148472144989     
   141.00000000000000       0.25908218722080606     
   142.00000000000000       0.25794028782208533     
   143.00000000000000       0.25683505411579410     
   144.00000000000000       0.25576578892980645     
   145.00000000000000       0.25473182968754116     
   146.00000000000000       0.25373254770767667     
   147.00000000000000       0.25276734744859986     
   148.00000000000000       0.25183566570123705     
   149.00000000000000       0.25093697073432114     
   150.00000000000000       0.25007076139651657     
   151.00000000000000       0.24923656618013942     
   152.00000000000000       0.24843394225147741     
   153.00000000000000       0.24766247445293388     
   154.00000000000000       0.24692177428237774     
   155.00000000000000       0.24621147885519676     
   156.00000000000000       0.24553124985460575     
   157.00000000000000       0.24488077247576495     
   158.00000000000000       0.24425975436921801     
   159.00000000000000       0.24366792458906322     
   160.00000000000000       0.24310503255112995     
   161.00000000000000       0.24257084700625089     
   162.00000000000000       0.24206515503349588     
   163.00000000000000       0.24158776105798674     
   164.00000000000000       0.24113848589762890     
   165.00000000000000       0.24071716584279104     
   166.00000000000000       0.24032365177265558     
   167.00000000000000       0.23995780831163233     
   168.00000000000000       0.23961951302889559     
   169.00000000000000       0.23930865568378540     
   170.00000000000000       0.23902513751948903     
   171.00000000000000       0.23876887060711188     
   172.00000000000000       0.23853977724196027     
   173.00000000000000       0.23833778939358224     
   174.00000000000000       0.23816284821086939     
   175.00000000000000       0.23801490358329203     
   176.00000000000000       0.23789391375914620     
   177.00000000000000       0.23779984502150883     
   178.00000000000000       0.23773267142245030     
   179.00000000000000       0.23769237457591727     
   180.00000000000000       0.23767894350958993     
