   0.0000000000000000        1.1188636023714456     
   1.0000000000000000        1.1184507297762856     
   2.0000000000000000        1.1172134761578945     
   3.0000000000000000        1.1151559253816927     
   4.0000000000000000        1.1122848551856799     
   5.0000000000000000        1.1086096944090751     
   6.0000000000000000        1.1041424636791293     
   7.0000000000000000        1.0988977001142517     
   8.0000000000000000        1.0928923667490047     
   9.0000000000000000        1.0861457475251122     
   10.000000000000000        1.0786793288207690     
   11.000000000000000        1.0705166686066800     
   12.000000000000000        1.0616832544201029     
   13.000000000000000        1.0522063514365614     
   14.000000000000000        1.0421148419919735     
   15.000000000000000        1.0314390579649333     
   16.000000000000000        1.0202106074694786     
   17.000000000000000        1.0084621973325207     
   18.000000000000000       0.99622745283737124     
   19.000000000000000       0.98354073620563232     
   20.000000000000000       0.97043696526469947     
   21.000000000000000       0.95695143370789193     
   22.000000000000000       0.94311963429973389     
   23.000000000000000       0.92897708631117060     
   24.000000000000000       0.91455916838985474     
   25.000000000000000       0.89990095798029301     
   26.000000000000000       0.88503707830925371     
   27.000000000000000       0.87000155384479794     
   28.000000000000000       0.85482767502432455     
   29.000000000000000       0.83954787292970257     
   30.000000000000000       0.82419360446756373     
   31.000000000000000       0.80879524849170636     
   32.000000000000000       0.79338201318398205     
   33.000000000000000       0.77798185489135752     
   34.000000000000000       0.76262140850157012     
   35.000000000000000       0.74732592932917896     
   36.000000000000000       0.73211924637896675     
   37.000000000000000       0.71702372675567794     
   38.000000000000000       0.70206025089878332     
   39.000000000000000       0.68724819823908723     
   40.000000000000000       0.67260544280110435     
   41.000000000000000       0.65814835821161077     
   42.000000000000000       0.64389183152084717     
   43.000000000000000       0.62984928519866223     
   44.000000000000000       0.61603270663329746     
   45.000000000000000       0.60245268443540601     
   46.000000000000000       0.58911845083391035     
   47.000000000000000       0.57603792944303578     
   48.000000000000000       0.56321778768076003     
   49.000000000000000       0.55066349312742935     
   50.000000000000000       0.53837937312868500     
   51.000000000000000       0.52636867696846046     
   52.000000000000000       0.51463363996485345     
   53.000000000000000       0.50317554887338900     
   54.000000000000000       0.49199480801781231     
   55.000000000000000       0.48109100560727813     
   56.000000000000000       0.47046297973993467     
   57.000000000000000       0.46010888363568392     
   58.000000000000000       0.45002624968469185     
   59.000000000000000       0.44021205194237900     
   60.000000000000000       0.43066276674558629     
   61.000000000000000       0.42137443116788192     
   62.000000000000000       0.41234269907408555     
   63.000000000000000       0.40356289457467837     
   64.000000000000000       0.39503006271950980     
   65.000000000000000       0.38673901730685695     
   66.000000000000000       0.37868438571823426     
   67.000000000000000       0.37086065072126584     
   68.000000000000000       0.36326218921232178     
   69.000000000000000       0.35588330789744271     
   70.000000000000000       0.34871827593434362     
   71.000000000000000       0.34176135458002405     
   72.000000000000000       0.33500682390778924     
   73.000000000000000       0.32844900667439592     
   74.000000000000000       0.32208228943268502     
   75.000000000000000       0.31590114099756927     
   76.000000000000000       0.30990012838374742     
   77.000000000000000       0.30407393034213898     
   78.000000000000000       0.29841734862892594     
   79.000000000000000       0.29292531714636716     
   80.000000000000000       0.28759290909836194     
   81.000000000000000       0.28241534230618953     
   82.000000000000000       0.27738798283106370     
   83.000000000000000       0.27250634705022353     
   84.000000000000000       0.26776610233232118     
   85.000000000000000       0.26316306645596366     
   86.000000000000000       0.25869320591250716     
   87.000000000000000       0.25435263323063129     
   88.000000000000000       0.25013760345596664     
   89.000000000000000       0.24604450991411472     
   90.000000000000000       0.24206987937988908     
   91.000000000000000       0.23821036676957860     
   92.000000000000000       0.23446274946652526     
   93.000000000000000       0.23082392138341137     
   94.000000000000000       0.22729088685740600     
   95.000000000000000       0.22386075446680334     
   96.000000000000000       0.22053073085005359     
   97.000000000000000       0.21729811460021783     
   98.000000000000000       0.21416029029992825     
   99.000000000000000       0.21111472275398563     
   100.00000000000000       0.20815895146883762     
   101.00000000000000       0.20529058542042908     
   102.00000000000000       0.20250729814436585     
   103.00000000000000       0.19980682317504142     
   104.00000000000000       0.19718694985342200     
   105.00000000000000       0.19464551951660233     
   106.00000000000000       0.19218042207609504     
   107.00000000000000       0.18978959298614032     
   108.00000000000000       0.18747101059815452     
   109.00000000000000       0.18522269389279264     
   110.00000000000000       0.18304270057701813     
   111.00000000000000       0.18092912553003457     
   112.00000000000000       0.17888009957896611     
   113.00000000000000       0.17689378858273758     
   114.00000000000000       0.17496839280071072     
   115.00000000000000       0.17310214652123121     
   116.00000000000000       0.17129331792431990     
   117.00000000000000       0.16954020915224483     
   118.00000000000000       0.16784115656161369     
   119.00000000000000       0.16619453113087213     
   120.00000000000000       0.16459873899764019     
   121.00000000000000       0.16305222210111842     
   122.00000000000000       0.16155345890580192     
   123.00000000000000       0.16010096518390732     
   124.00000000000000       0.15869329483520309     
   125.00000000000000       0.15732904072430054     
   126.00000000000000       0.15600683551687677     
   127.00000000000000       0.15472535249773098     
   128.00000000000000       0.15348330635499935     
   129.00000000000000       0.15227945391625702     
   130.00000000000000       0.15111259482359304     
   131.00000000000000       0.14998157213606469     
   132.00000000000000       0.14888527284920280     
   133.00000000000000       0.14782262832245710     
   134.00000000000000       0.14679261460664614     
   135.00000000000000       0.14579425266460883     
   136.00000000000000       0.14482660847936113     
   137.00000000000000       0.14388879304514213     
   138.00000000000000       0.14297996223780887     
   139.00000000000000       0.14209931656210054     
   140.00000000000000       0.14124610077436811     
   141.00000000000000       0.14041960338043794     
   142.00000000000000       0.13961915600936881     
   143.00000000000000       0.13884413266495302     
   144.00000000000000       0.13809394885791584     
   145.00000000000000       0.13736806062286497     
   146.00000000000000       0.13666596342512519     
   147.00000000000000       0.13598719096365788     
   148.00000000000000       0.13533131387728253     
   149.00000000000000       0.13469793836238542     
   150.00000000000000       0.13408670471118606     
   151.00000000000000       0.13349728578043366     
   152.00000000000000       0.13292938540109164     
   153.00000000000000       0.13238273674012660     
   154.00000000000000       0.13185710062594053     
   155.00000000000000       0.13135226384924736     
   156.00000000000000       0.13086803745129846     
   157.00000000000000       0.13040425501129799     
   158.00000000000000       0.12996077094461181     
   159.00000000000000       0.12953745882297640     
   160.00000000000000       0.12913420972735562     
   161.00000000000000       0.12875093064338877     
   162.00000000000000       0.12838754290853982     
   163.00000000000000       0.12804398071911202     
   164.00000000000000       0.12772018970426252     
   165.00000000000000       0.12741612557305662     
   166.00000000000000       0.12713175283947364     
   167.00000000000000       0.12686704362914428     
   168.00000000000000       0.12662197657048402     
   169.00000000000000       0.12639653577183274     
   170.00000000000000       0.12619070988521758     
   171.00000000000000       0.12600449125647753     
   172.00000000000000       0.12583787516071798     
   173.00000000000000       0.12569085912143646     
   174.00000000000000       0.12556344231117916     
   175.00000000000000       0.12545562503125920     
   176.00000000000000       0.12536740826790191     
   177.00000000000000       0.12529879332216237     
   178.00000000000000       0.12524978151109226     
   179.00000000000000       0.12522037393789409     
   180.00000000000000       0.12521057132917662     
