   0.0000000000000000        9.3957652206625717     
   1.0000000000000000        9.3957327357094726     
   2.0000000000000000        9.3956352949123740     
   3.0000000000000000        9.3954729404472968     
   4.0000000000000000        9.3952457425723122     
   5.0000000000000000        9.3949537995746777     
   6.0000000000000000        9.3945972376969227     
   7.0000000000000000        9.3941762110419393     
   8.0000000000000000        9.3936909014573455     
   9.0000000000000000        9.3931415183991582     
   10.000000000000000        9.3925282987749963     
   11.000000000000000        9.3918515067670647     
   12.000000000000000        9.3911114336351584     
   13.000000000000000        9.3903083974999166     
   14.000000000000000        9.3894427431067040     
   15.000000000000000        9.3885148415703608     
   16.000000000000000        9.3875250901012244     
   17.000000000000000        9.3864739117128355     
   18.000000000000000        9.3853617549115871     
   19.000000000000000        9.3841890933689331     
   20.000000000000000        9.3829564255764293     
   21.000000000000000        9.3816642744841960     
   22.000000000000000        9.3803131871231784     
   23.000000000000000        9.3789037342118444     
   24.000000000000000        9.3774365097476569     
   25.000000000000000        9.3759121305840800     
   26.000000000000000        9.3743312359934805     
   27.000000000000000        9.3726944872165916     
   28.000000000000000        9.3710025669991168     
   29.000000000000000        9.3692561791160323     
   30.000000000000000        9.3674560478842377     
   31.000000000000000        9.3656029176641251     
   32.000000000000000        9.3636975523507093     
   33.000000000000000        9.3617407348549797     
   34.000000000000000        9.3597332665760629     
   35.000000000000000        9.3576759668648695     
   36.000000000000000        9.3555696724798434     
   37.000000000000000        9.3534152370355006     
   38.000000000000000        9.3512135304443955     
   39.000000000000000        9.3489654383531278     
   40.000000000000000        9.3466718615730855     
   41.000000000000000        9.3443337155065613     
   42.000000000000000        9.3419519295688733     
   43.000000000000000        9.3395274466071410     
   44.000000000000000        9.3370612223163150     
   45.000000000000000        9.3345542246531981     
   46.000000000000000        9.3320074332489362     
   47.000000000000000        9.3294218388206573     
   48.000000000000000        9.3267984425829393     
   49.000000000000000        9.3241382556595003     
   50.000000000000000        9.3214422984959722     
   51.000000000000000        9.3187116002740371     
   52.000000000000000        9.3159471983277271     
   53.000000000000000        9.3131501375622499     
   54.000000000000000        9.3103214698760492     
   55.000000000000000        9.3074622535864293     
   56.000000000000000        9.3045735528593845     
   57.000000000000000        9.3016564371440946     
   58.000000000000000        9.2987119806124934     
   59.000000000000000        9.2957412616044515     
   60.000000000000000        9.2927453620789340     
   61.000000000000000        9.2897253670716236     
   62.000000000000000        9.2866823641593381     
   63.000000000000000        9.2836174429317353     
   64.000000000000000        9.2805316944704987     
   65.000000000000000        9.2774262108365360     
   66.000000000000000        9.2743020845654325     
   67.000000000000000        9.2711604081714398     
   68.000000000000000        9.2680022736603753     
   69.000000000000000        9.2648287720516258     
   70.000000000000000        9.2616409929095607     
   71.000000000000000        9.2584400238845852     
   72.000000000000000        9.2552269502640439     
   73.000000000000000        9.2520028545331563     
   74.000000000000000        9.2487688159461818     
   75.000000000000000        9.2455259101080252     
   76.000000000000000        9.2422752085663014     
   77.000000000000000        9.2390177784141745     
   78.000000000000000        9.2357546819038507     
   79.000000000000000        9.2324869760710708     
   80.000000000000000        9.2292157123704275     
   81.000000000000000        9.2259419363218047     
   82.000000000000000        9.2226666871677914     
   83.000000000000000        9.2193909975422024     
   84.000000000000000        9.2161158931497162     
   85.000000000000000        9.2128423924565581     
   86.000000000000000        9.2095715063923329     
   87.000000000000000        9.2063042380628222     
   88.000000000000000        9.2030415824738441     
   89.000000000000000        9.1997845262660842     
   90.000000000000000        9.1965340474607089     
   91.000000000000000        9.1932911152158869     
   92.000000000000000        9.1900566895939537     
   93.000000000000000        9.1868317213392174     
   94.000000000000000        9.1836171516661960     
   95.000000000000000        9.1804139120583077     
   96.000000000000000        9.1772229240767125     
   97.000000000000000        9.1740450991792901     
   98.000000000000000        9.1708813385495223     
   99.000000000000000        9.1677325329351866     
   100.00000000000000        9.1645995624966297     
   101.00000000000000        9.1614832966645068     
   102.00000000000000        9.1583845940067370     
   103.00000000000000        9.1553043021045344     
   104.00000000000000        9.1522432574373642     
   105.00000000000000        9.1492022852764858     
   106.00000000000000        9.1461821995870416     
   107.00000000000000        9.1431838029383705     
   108.00000000000000        9.1402078864223615     
   109.00000000000000        9.1372552295797149     
   110.00000000000000        9.1343266003337042     
   111.00000000000000        9.1314227549314602     
   112.00000000000000        9.1285444378923284     
   113.00000000000000        9.1256923819632227     
   114.00000000000000        9.1228673080807177     
   115.00000000000000        9.1200699253395516     
   116.00000000000000        9.1173009309674846     
   117.00000000000000        9.1145610103061543     
   118.00000000000000        9.1118508367976894     
   119.00000000000000        9.1091710719769807     
   120.00000000000000        9.1065223654692211     
   121.00000000000000        9.1039053549926088     
   122.00000000000000        9.1013206663658828     
   123.00000000000000        9.0987689135205851     
   124.00000000000000        9.0962506985177018     
   125.00000000000000        9.0937666115685261     
   126.00000000000000        9.0913172310595112     
   127.00000000000000        9.0889031235809057     
   128.00000000000000        9.0865248439588946     
   129.00000000000000        9.0841829352911301     
   130.00000000000000        9.0818779289853122     
   131.00000000000000        9.0796103448007646     
   132.00000000000000        9.0773806908926247     
   133.00000000000000        9.0751894638586030     
   134.00000000000000        9.0730371487880106     
   135.00000000000000        9.0709242193128699     
   136.00000000000000        9.0688511376609746     
   137.00000000000000        9.0668183547106320     
   138.00000000000000        9.0648263100469393     
   139.00000000000000        9.0628754320194354     
   140.00000000000000        9.0609661378008735     
   141.00000000000000        9.0590988334470293     
   142.00000000000000        9.0572739139573120     
   143.00000000000000        9.0554917633360041     
   144.00000000000000        9.0537527546540559     
   145.00000000000000        9.0520572501111367     
   146.00000000000000        9.0504056010979284     
   147.00000000000000        9.0487981482583955     
   148.00000000000000        9.0472352215519685     
   149.00000000000000        9.0457171403154550     
   150.00000000000000        9.0442442133245358     
   151.00000000000000        9.0428167388547624     
   152.00000000000000        9.0414350047418512     
   153.00000000000000        9.0400992884412119     
   154.00000000000000        9.0388098570865800     
   155.00000000000000        9.0375669675476082     
   156.00000000000000        9.0363708664862905     
   157.00000000000000        9.0352217904122156     
   158.00000000000000        9.0341199657364317     
   159.00000000000000        9.0330656088238239     
   160.00000000000000        9.0320589260440194     
   161.00000000000000        9.0311001138206386     
   162.00000000000000        9.0301893586787862     
   163.00000000000000        9.0293268372908049     
   164.00000000000000        9.0285127165200993     
   165.00000000000000        9.0277471534630340     
   166.00000000000000        9.0270302954887818     
   167.00000000000000        9.0263622802771195     
   168.00000000000000        9.0257432358540406     
   169.00000000000000        9.0251732806251752     
   170.00000000000000        9.0246525234069352     
   171.00000000000000        9.0241810634553641     
   172.00000000000000        9.0237589904926416     
   173.00000000000000        9.0233863847311184     
   174.00000000000000        9.0230633168950334     
   175.00000000000000        9.0227898482396576     
   176.00000000000000        9.0225660305679725     
   177.00000000000000        9.0223919062448648     
   178.00000000000000        9.0222675082087189     
   179.00000000000000        9.0221928599804730     
   180.00000000000000        9.0221679756700972     
