   0.0000000000000000        1.0787207456740902     
   1.0000000000000000        1.0782125984148530     
   2.0000000000000000        1.0766901375875737     
   3.0000000000000000        1.0741592917071510     
   4.0000000000000000        1.0706298939958039     
   5.0000000000000000        1.0661156114592782     
   6.0000000000000000        1.0606338466462111     
   7.0000000000000000        1.0542056131258419     
   8.0000000000000000        1.0468553859902989     
   9.0000000000000000        1.0386109289408685     
   10.000000000000000        1.0295030997494794     
   11.000000000000000        1.0195656360941494     
   12.000000000000000        1.0088349239477918     
   13.000000000000000       0.99734975085127564     
   14.000000000000000       0.98515104652246288     
   15.000000000000000       0.97228161334170993     
   16.000000000000000       0.95878584931056199     
   17.000000000000000       0.94470946610373574     
   18.000000000000000       0.93009920482540442     
   19.000000000000000       0.91500255204015257     
   20.000000000000000       0.89946745857790278     
   21.000000000000000       0.88354206351260456     
   22.000000000000000       0.86727442558838919     
   23.000000000000000       0.85071226421700552     
   24.000000000000000       0.83390271199921362     
   25.000000000000000       0.81689208053363183     
   26.000000000000000       0.79972564107245570     
   27.000000000000000       0.78244742136786605     
   28.000000000000000       0.76510001982927411     
   29.000000000000000       0.74772443788313614     
   30.000000000000000       0.73035993119746390     
   31.000000000000000       0.71304388020536680     
   32.000000000000000       0.69581168013935923     
   33.000000000000000       0.67869665057340578     
   34.000000000000000       0.66172996426553266     
   35.000000000000000       0.64494059490263445     
   36.000000000000000       0.62835528317281186     
   37.000000000000000       0.61199852043100333     
   38.000000000000000       0.59589254908206390     
   39.000000000000000       0.58005737868283114     
   40.000000000000000       0.56451081666176894     
   41.000000000000000       0.54926851247169417     
   42.000000000000000       0.53434401392787834     
   43.000000000000000       0.51974883444011433     
   44.000000000000000       0.50549252982239856     
   45.000000000000000       0.49158278335689720     
   46.000000000000000       0.47802549779857967     
   47.000000000000000       0.46482489303201963     
   48.000000000000000       0.45198360813085819     
   49.000000000000000       0.43950280662167324     
   50.000000000000000       0.42738228381577736     
   51.000000000000000       0.41562057514304585     
   52.000000000000000       0.40421506449948030     
   53.000000000000000       0.39316209170311478     
   54.000000000000000       0.38245705823938381     
   55.000000000000000       0.37209453056563957     
   56.000000000000000       0.36206834033358287     
   57.000000000000000       0.35237168097668975     
   58.000000000000000       0.34299720019597341     
   59.000000000000000       0.33393708796065763     
   60.000000000000000       0.32518315971957601     
   61.000000000000000       0.31672693459368778     
   62.000000000000000       0.30855970838942620     
   63.000000000000000       0.30067262133625677     
   64.000000000000000       0.29305672050958564     
   65.000000000000000       0.28570301695190359     
   66.000000000000000       0.27860253755076886     
   67.000000000000000       0.27174637177209227     
   68.000000000000000       0.26512571338134522     
   69.000000000000000       0.25873189731413870     
   70.000000000000000       0.25255643188139765     
   71.000000000000000       0.24659102651356093     
   72.000000000000000       0.24082761526322832     
   73.000000000000000       0.23525837629696714     
   74.000000000000000       0.22987574761496526     
   75.000000000000000       0.22467243924234742     
   76.000000000000000       0.21964144213863601     
   77.000000000000000       0.21477603407243498     
   78.000000000000000       0.21006978270725846     
   79.000000000000000       0.20551654614184106     
   80.000000000000000       0.20111047114447658     
   81.000000000000000       0.19684598931616751     
   82.000000000000000       0.19271781141178601     
   83.000000000000000       0.18872092004217414     
   84.000000000000000       0.18485056097323888     
   85.000000000000000       0.18110223323068794     
   86.000000000000000       0.17747167821113999     
   87.000000000000000       0.17395486799193749     
   88.000000000000000       0.17054799302311174     
   89.000000000000000       0.16724744937557381     
   90.000000000000000       0.16404982570974866     
   91.000000000000000       0.16095189011852290     
   92.000000000000000       0.15795057698755005     
   93.000000000000000       0.15504297400467834     
   94.000000000000000       0.15222630943856930     
   95.000000000000000       0.14949793979451231     
   96.000000000000000       0.14685533794309180     
   97.000000000000000       0.14429608180479991     
   98.000000000000000       0.14181784366103428     
   99.000000000000000       0.13941838014927094     
   100.00000000000000       0.13709552298769864     
   101.00000000000000       0.13484717046236830     
   102.00000000000000       0.13267127969808301     
   103.00000000000000       0.13056585972296847     
   104.00000000000000       0.12852896532604802     
   105.00000000000000       0.12655869169730977     
   106.00000000000000       0.12465316983081573     
   107.00000000000000       0.12281056266343966     
   108.00000000000000       0.12102906191490324     
   109.00000000000000       0.11930688558896081     
   110.00000000000000       0.11764227609087909     
   111.00000000000000       0.11603349891277520     
   112.00000000000000       0.11447884183588723     
   113.00000000000000       0.11297661459741512     
   114.00000000000000       0.11152514896911758     
   115.00000000000000       0.11012279919529869     
   116.00000000000000       0.10876794273906670     
   117.00000000000000       0.10745898128768441     
   118.00000000000000       0.10619434197033606     
   119.00000000000000       0.10497247874458110     
   120.00000000000000       0.10379187391102823     
   121.00000000000000       0.10265103971921842     
   122.00000000000000       0.10154852003123423     
   123.00000000000000       0.10048289201305304     
   124.00000000000000        9.9452767827035174E-002
   125.00000000000000        9.8456796302105229E-002
   126.00000000000000        9.7493664561089058E-002
   127.00000000000000        9.6562099587257047E-002
   128.00000000000000        9.5660869714378566E-002
   129.00000000000000        9.4788786026496250E-002
   130.00000000000000        9.3944703655200967E-002
   131.00000000000000        9.3127522963438902E-002
   132.00000000000000        9.2336190605865801E-002
   133.00000000000000        9.1569700456513498E-002
   134.00000000000000        9.0827094395119337E-002
   135.00000000000000        9.0107462943943811E-002
   136.00000000000000        8.9409945747338307E-002
   137.00000000000000        8.8733731886778924E-002
   138.00000000000000        8.8078060024623331E-002
   139.00000000000000        8.7442218370517591E-002
   140.00000000000000        8.6825544465236867E-002
   141.00000000000000        8.6227424777805609E-002
   142.00000000000000        8.5647294113045683E-002
   143.00000000000000        8.5084634828238068E-002
   144.00000000000000        8.4538975859360432E-002
   145.00000000000000        8.4009891559347016E-002
   146.00000000000000        8.3497000352989015E-002
   147.00000000000000        8.2999963215390563E-002
   148.00000000000000        8.2518481983279712E-002
   149.00000000000000        8.2052297510869607E-002
   150.00000000000000        8.1601187684307117E-002
   151.00000000000000        8.1164965310967660E-002
   152.00000000000000        8.0743475901876499E-002
   153.00000000000000        8.0336595367295871E-002
   154.00000000000000        7.9944227646949792E-002
   155.00000000000000        7.9566302297407257E-002
   156.00000000000000        7.9202772059770402E-002
   157.00000000000000        7.8853610430979479E-002
   158.00000000000000        7.8518809261741082E-002
   159.00000000000000        7.8198376403298075E-002
   160.00000000000000        7.7892333424012125E-002
   161.00000000000000        7.7600713415038949E-002
   162.00000000000000        7.7323558902295420E-002
   163.00000000000000        7.7060919879493317E-002
   164.00000000000000        7.6812851974318738E-002
   165.00000000000000        7.6579414756944963E-002
   166.00000000000000        7.6360670197060332E-002
   167.00000000000000        7.6156681272563961E-002
   168.00000000000000        7.5967510730115220E-002
   169.00000000000000        7.5793219994910080E-002
   170.00000000000000        7.5633868224475417E-002
   171.00000000000000        7.5489511499003931E-002
   172.00000000000000        7.5360202138855290E-002
   173.00000000000000        7.5245988138383499E-002
   174.00000000000000        7.5146912704248017E-002
   175.00000000000000        7.5063013885859425E-002
   176.00000000000000        7.4994324285594632E-002
   177.00000000000000        7.4940870836896739E-002
   178.00000000000000        7.4902674639311523E-002
   179.00000000000000        7.4879750840871423E-002
   180.00000000000000        7.4872108559967704E-002
