   0.0000000000000000       0.51519122255058647     
   1.0000000000000000       0.51510369695201852     
   2.0000000000000000       0.51484125792118529     
   3.0000000000000000       0.51440431830570554     
   4.0000000000000000       0.51379356469731319     
   5.0000000000000000       0.51300995520859938     
   6.0000000000000000       0.51205471637678179     
   7.0000000000000000       0.51092933921065609     
   8.0000000000000000       0.50963557440134311     
   9.0000000000000000       0.50817542672167060     
   10.000000000000000       0.50655114864313378     
   11.000000000000000       0.50476523320323918     
   12.000000000000000       0.50282040615967016     
   13.000000000000000       0.50071961747108062     
   14.000000000000000       0.49846603214741014     
   15.000000000000000       0.49606302051538631     
   16.000000000000000       0.49351414794734749     
   17.000000000000000       0.49082316410362808     
   18.000000000000000       0.48799399174053770     
   19.000000000000000       0.48503071513738349     
   20.000000000000000       0.48193756819704431     
   21.000000000000000       0.47871892227532087     
   22.000000000000000       0.47537927379463096     
   23.000000000000000       0.47192323169760231     
   24.000000000000000       0.46835550479578597     
   25.000000000000000       0.46468088906800797     
   26.000000000000000       0.46090425496187731     
   27.000000000000000       0.45703053475065464     
   28.000000000000000       0.45306470999607396     
   29.000000000000000       0.44901179916584211     
   30.000000000000000       0.44487684545240913     
   31.000000000000000       0.44066490483725590     
   32.000000000000000       0.43638103444239323     
   33.000000000000000       0.43203028120803111     
   34.000000000000000       0.42761767093249259     
   35.000000000000000       0.42314819770744339     
   36.000000000000000       0.41862681377838695     
   37.000000000000000       0.41405841985720176     
   38.000000000000000       0.40944785591024818     
   39.000000000000000       0.40479989244232861     
   40.000000000000000       0.40011922229351865     
   41.000000000000000       0.39541045296265426     
   42.000000000000000       0.39067809946807236     
   43.000000000000000       0.38592657775308303     
   44.000000000000000       0.38116019864061151     
   45.000000000000000       0.37638316233852342     
   46.000000000000000       0.37159955349432783     
   47.000000000000000       0.36681333679528544     
   48.000000000000000       0.36202835310741222     
   49.000000000000000       0.35724831614450187     
   50.000000000000000       0.35247680965609035     
   51.000000000000000       0.34771728512124483     
   52.000000000000000       0.34297305993322741     
   53.000000000000000       0.33824731605840264     
   54.000000000000000       0.33354309915128671     
   55.000000000000000       0.32886331810634067     
   56.000000000000000       0.32421074502600067     
   57.000000000000000       0.31958801558350985     
   58.000000000000000       0.31499762975837464     
   59.000000000000000       0.31044195292168619     
   60.000000000000000       0.30592321724814936     
   61.000000000000000       0.30144352343140807     
   62.000000000000000       0.29700484267916855     
   63.000000000000000       0.29260901896466734     
   64.000000000000000       0.28825777151121912     
   65.000000000000000       0.28395269748688884     
   66.000000000000000       0.27969527488675511     
   67.000000000000000       0.27548686558076518     
   68.000000000000000       0.27132871850580120     
   69.000000000000000       0.26722197298128825     
   70.000000000000000       0.26316766212845316     
   71.000000000000000       0.25916671637418753     
   72.000000000000000       0.25521996702136351     
   73.000000000000000       0.25132814986839042     
   74.000000000000000       0.24749190886177783     
   75.000000000000000       0.24371179976646071     
   76.000000000000000       0.23998829383966411     
   77.000000000000000       0.23632178149510127     
   78.000000000000000       0.23271257594532574     
   79.000000000000000       0.22916091681107364     
   80.000000000000000       0.22566697368743230     
   81.000000000000000       0.22223084965766385     
   82.000000000000000       0.21885258474646385     
   83.000000000000000       0.21553215930537684     
   84.000000000000000       0.21226949732398484     
   85.000000000000000       0.20906446966134895     
   86.000000000000000       0.20591689719301193     
   87.000000000000000       0.20282655386964918     
   88.000000000000000       0.19979316968419653     
   89.000000000000000       0.19681643354497724     
   90.000000000000000       0.19389599605299954     
   91.000000000000000       0.19103147218219585     
   92.000000000000000       0.18822244386193310     
   93.000000000000000       0.18546846246162926     
   94.000000000000000       0.18276905117777270     
   95.000000000000000       0.18012370732406438     
   96.000000000000000       0.17753190452576625     
   97.000000000000000       0.17499309481967940     
   98.000000000000000       0.17250671066145803     
   99.000000000000000       0.17007216684221838     
   100.00000000000000       0.16768886231661298     
   101.00000000000000       0.16535618194471877     
   102.00000000000000       0.16307349815022901     
   103.00000000000000       0.16084017249755331     
   104.00000000000000       0.15865555719051408     
   105.00000000000000       0.15651899649538073     
   106.00000000000000       0.15442982809102146     
   107.00000000000000       0.15238738434895732     
   108.00000000000000       0.15039099354609750     
   109.00000000000000       0.14843998101290609     
   110.00000000000000       0.14653367021970898     
   111.00000000000000       0.14467138380379116     
   112.00000000000000       0.14285244453987081     
   113.00000000000000       0.14107617625645597     
   114.00000000000000       0.13934190470050548     
   115.00000000000000       0.13764895835272603     
   116.00000000000000       0.13599666919573761     
   117.00000000000000       0.13438437343724569     
   118.00000000000000       0.13281141219025200     
   119.00000000000000       0.13127713211223718     
   120.00000000000000       0.12978088600514900     
   121.00000000000000       0.12832203337792400     
   122.00000000000000       0.12689994097318155     
   123.00000000000000       0.12551398325962720     
   124.00000000000000       0.12416354289161634     
   125.00000000000000       0.12284801113724274     
   126.00000000000000       0.12156678827623266     
   127.00000000000000       0.12031928396885123     
   128.00000000000000       0.11910491759695738     
   129.00000000000000       0.11792311857827591     
   130.00000000000000       0.11677332665489920     
   131.00000000000000       0.11565499215697495     
   132.00000000000000       0.11456757624249012     
   133.00000000000000       0.11351055111401910     
   134.00000000000000       0.11248340021326619     
   135.00000000000000       0.11148561839420525     
   136.00000000000000       0.11051671207558819     
   137.00000000000000       0.10957619937357908     
   138.00000000000000       0.10866361021524958     
   139.00000000000000       0.10777848643366261     
   140.00000000000000       0.10692038184526242     
   141.00000000000000       0.10608886231028421     
   142.00000000000000       0.10528350577689730     
   143.00000000000000       0.10450390230979527     
   144.00000000000000       0.10374965410395368     
   145.00000000000000       0.10302037548427950     
   146.00000000000000       0.10231569289188616     
   147.00000000000000       0.10163524485773691     
   148.00000000000000       0.10097868196440918     
   149.00000000000000       0.10034566679674274     
   150.00000000000000        9.9735873882146289E-002
   151.00000000000000        9.9148989621345968E-002
   152.00000000000000        9.8584712210369768E-002
   153.00000000000000        9.8042751554572524E-002
   154.00000000000000        9.7522829175508488E-002
   155.00000000000000        9.7024678111471960E-002
   156.00000000000000        9.6548042812524548E-002
   157.00000000000000        9.6092679030833336E-002
   158.00000000000000        9.5658353707144275E-002
   159.00000000000000        9.5244844854211086E-002
   160.00000000000000        9.4851941437998480E-002
   161.00000000000000        9.4479443257467946E-002
   162.00000000000000        9.4127160823746905E-002
   163.00000000000000        9.3794915239467883E-002
   164.00000000000000        9.3482538079049382E-002
   165.00000000000000        9.3189871270671590E-002
   166.00000000000000        9.2916766980677870E-002
   167.00000000000000        9.2663087501110589E-002
   168.00000000000000        9.2428705141061288E-002
   169.00000000000000        9.2213502122485483E-002
   170.00000000000000        9.2017370481101951E-002
   171.00000000000000        9.1840211972958788E-002
   172.00000000000000        9.1681937987213843E-002
   173.00000000000000        9.1542469465635962E-002
   174.00000000000000        9.1421736829291889E-002
   175.00000000000000        9.1319679912842150E-002
   176.00000000000000        9.1236247906820306E-002
   177.00000000000000        9.1171399308226861E-002
   178.00000000000000        9.1125101879718243E-002
   179.00000000000000        9.1097332617622526E-002
   180.00000000000000        9.1088077728963365E-002
