   0.0000000000000000        1.0618394294694136     
   1.0000000000000000        1.0612803850073285     
   2.0000000000000000        1.0596056036617638     
   3.0000000000000000        1.0568221234582504     
   4.0000000000000000        1.0529416143196546     
   5.0000000000000000        1.0479802885909875     
   6.0000000000000000        1.0419587771723431     
   7.0000000000000000        1.0349019726339106     
   8.0000000000000000        1.0268388410452844     
   9.0000000000000000        1.0178022045848767     
   10.000000000000000        1.0078284972992040     
   11.000000000000000       0.99695749665233180     
   12.000000000000000       0.98523203373909107     
   13.000000000000000       0.97269768522901057     
   14.000000000000000       0.95940245025898219     
   15.000000000000000       0.94539641559998255     
   16.000000000000000       0.93073141248589386     
   17.000000000000000       0.91546066851056751     
   18.000000000000000       0.89963845797333908     
   19.000000000000000       0.88331975398466900     
   20.000000000000000       0.86655988553431185     
   21.000000000000000       0.84941420257717559     
   22.000000000000000       0.83193775200979769     
   23.000000000000000       0.81418496719690781     
   24.000000000000000       0.79620937346686671     
   25.000000000000000       0.77806331173113696     
   26.000000000000000       0.75979768210112220     
   27.000000000000000       0.74146170908028497     
   28.000000000000000       0.72310272960532773     
   29.000000000000000       0.70476600490214281     
   30.000000000000000       0.68649455681486116     
   31.000000000000000       0.66832902896413748     
   32.000000000000000       0.65030757279804452     
   33.000000000000000       0.63246575831941554     
   34.000000000000000       0.61483650901074982     
   35.000000000000000       0.59745006023488678     
   36.000000000000000       0.58033394016915874     
   37.000000000000000       0.56351297213474294     
   38.000000000000000       0.54700929701303624     
   39.000000000000000       0.53084241429811307     
   40.000000000000000       0.51502924021923946     
   41.000000000000000       0.49958418128009641     
   42.000000000000000       0.48451922150132104     
   43.000000000000000       0.46984402161942429     
   44.000000000000000       0.45556602848676125     
   45.000000000000000       0.44169059293245261     
   46.000000000000000       0.42822109438106254     
   47.000000000000000       0.41515907058225782     
   48.000000000000000       0.40250435087828834     
   49.000000000000000       0.39025519152445454     
   50.000000000000000       0.37840841167821743     
   51.000000000000000       0.36695952878268173     
   52.000000000000000       0.35590289218734406     
   53.000000000000000       0.34523181397073993     
   54.000000000000000       0.33493869605366855     
   55.000000000000000       0.32501515281581306     
   56.000000000000000       0.31545212855085453     
   57.000000000000000       0.30624000921383970     
   58.000000000000000       0.29736872802806047     
   59.000000000000000       0.28882786462580873     
   60.000000000000000       0.28060673749700921     
   61.000000000000000       0.27269448961117532     
   62.000000000000000       0.26508016716083149     
   63.000000000000000       0.25775279144821905     
   64.000000000000000       0.25070142400166018     
   65.000000000000000       0.24391522506353236     
   66.000000000000000       0.23738350563866653     
   67.000000000000000       0.23109577333059689     
   68.000000000000000       0.22504177222396496     
   69.000000000000000       0.21921151709521283     
   70.000000000000000       0.21359532225114200     
   71.000000000000000       0.20818382530676863     
   72.000000000000000       0.20296800622086691     
   73.000000000000000       0.19793920191047040     
   74.000000000000000       0.19308911676505650     
   75.000000000000000       0.18840982937788775     
   76.000000000000000       0.18389379580659129     
   77.000000000000000       0.17953384966810768     
   78.000000000000000       0.17532319936504606     
   79.000000000000000       0.17125542273165881     
   80.000000000000000       0.16732445937837467     
   81.000000000000000       0.16352460100431773     
   82.000000000000000       0.15985047993765467     
   83.000000000000000       0.15629705615400299     
   84.000000000000000       0.15285960301354320     
   85.000000000000000       0.14953369194786068     
   86.000000000000000       0.14631517631784299     
   87.000000000000000       0.14320017465408710     
   88.000000000000000       0.14018505348111540     
   89.000000000000000       0.13726640991617073     
   90.000000000000000       0.13444105422234309     
   91.000000000000000       0.13170599248420972     
   92.000000000000000       0.12905840956197351     
   93.000000000000000       0.12649565246724814     
   94.000000000000000       0.12401521429015153     
   95.000000000000000       0.12161471879328524     
   96.000000000000000       0.11929190577356268     
   97.000000000000000       0.11704461727781565     
   98.000000000000000       0.11487078474279717     
   99.000000000000000       0.11276841711477092     
   100.00000000000000       0.11073558998852495     
   101.00000000000000       0.10877043579056699     
   102.00000000000000       0.10687113501665815     
   103.00000000000000       0.10503590851993275     
   104.00000000000000       0.10326301083282446     
   105.00000000000000       0.10155072449407221     
   106.00000000000000        9.9897355341359614E-002
   107.00000000000000        9.8301228720802131E-002
   108.00000000000000        9.6760686556629616E-002
   109.00000000000000        9.5274085218094759E-002
   110.00000000000000        9.3839794115900543E-002
   111.00000000000000        9.2456194957279039E-002
   112.00000000000000        9.1121681587220948E-002
   113.00000000000000        8.9834660343177136E-002
   114.00000000000000        8.8593550851714720E-002
   115.00000000000000        8.7396787197968770E-002
   116.00000000000000        8.6242819402121515E-002
   117.00000000000000        8.5130115141384993E-002
   118.00000000000000        8.4057161660854057E-002
   119.00000000000000        8.3022467821947235E-002
   120.00000000000000        8.2024566242749952E-002
   121.00000000000000        8.1062015490234562E-002
   122.00000000000000        8.0133402289869621E-002
   123.00000000000000        7.9237343723388268E-002
   124.00000000000000        7.8372489390325747E-002
   125.00000000000000        7.7537523513243972E-002
   126.00000000000000        7.6731166970262638E-002
   127.00000000000000        7.5952179241551482E-002
   128.00000000000000        7.5199360258800488E-002
   129.00000000000000        7.4471552148368717E-002
   130.00000000000000        7.3767640859876152E-002
   131.00000000000000        7.3086557672496333E-002
   132.00000000000000        7.2427280571225480E-002
   133.00000000000000        7.1788835485052799E-002
   134.00000000000000        7.1170297378344530E-002
   135.00000000000000        7.0570791186018195E-002
   136.00000000000000        6.9989492582337207E-002
   137.00000000000000        6.9425628572530637E-002
   138.00000000000000        6.8878477896046800E-002
   139.00000000000000        6.8347371230185888E-002
   140.00000000000000        6.7831691183204201E-002
   141.00000000000000        6.7330872066805825E-002
   142.00000000000000        6.6844399439273547E-002
   143.00000000000000        6.6371809412349450E-002
   144.00000000000000        6.5912687717348456E-002
   145.00000000000000        6.5466668528834274E-002
   146.00000000000000        6.5033433047447173E-002
   147.00000000000000        6.4612707847061468E-002
   148.00000000000000        6.4204262995270309E-002
   149.00000000000000        6.3807909960130388E-002
   150.00000000000000        6.3423499320019269E-002
   151.00000000000000        6.3050918297245087E-002
   152.00000000000000        6.2690088139559397E-002
   153.00000000000000        6.2340961376843362E-002
   154.00000000000000        6.2003518982846985E-002
   155.00000000000000        6.1677767473859536E-002
   156.00000000000000        6.1363735977495573E-002
   157.00000000000000        6.1061473305333534E-002
   158.00000000000000        6.0771045062907939E-002
   159.00000000000000        6.0492530829518248E-002
   160.00000000000000        6.0226021438496521E-002
   161.00000000000000        5.9971616386013893E-002
   162.00000000000000        5.9729421393268860E-002
   163.00000000000000        5.9499546143082192E-002
   164.00000000000000        5.9282102207633684E-002
   165.00000000000000        5.9077201179443324E-002
   166.00000000000000        5.8884953012865199E-002
   167.00000000000000        5.8705464578473761E-002
   168.00000000000000        5.8538838427930888E-002
   169.00000000000000        5.8385171762375815E-002
   170.00000000000000        5.8244555593220990E-002
   171.00000000000000        5.8117074080591850E-002
   172.00000000000000        5.8002804031630738E-002
   173.00000000000000        5.7901814538584687E-002
   174.00000000000000        5.7814166735080837E-002
   175.00000000000000        5.7739913648303470E-002
   176.00000000000000        5.7679100124934053E-002
   177.00000000000000        5.7631762809689228E-002
   178.00000000000000        5.7597930157042516E-002
   179.00000000000000        5.7577622459181667E-002
   180.00000000000000        5.7570851876334178E-002
