   0.0000000000000000        1.2595639999725963     
   1.0000000000000000        1.2593040021219339     
   2.0000000000000000        1.2585246006869477     
   3.0000000000000000        1.2572275692676698     
   4.0000000000000000        1.2554158547142256     
   5.0000000000000000        1.2530935634717235     
   6.0000000000000000        1.2502659426019294     
   7.0000000000000000        1.2469393556188850     
   8.0000000000000000        1.2431212533125127     
   9.0000000000000000        1.2388201397692991     
   10.000000000000000        1.2340455338322924     
   11.000000000000000        1.2288079262732809     
   12.000000000000000        1.2231187329780870     
   13.000000000000000        1.2169902444710634     
   14.000000000000000        1.2104355721268718     
   15.000000000000000        1.2034685914363985     
   16.000000000000000        1.1961038827089405     
   17.000000000000000        1.1883566696046046     
   18.000000000000000        1.1802427558990760     
   19.000000000000000        1.1717784608875328     
   20.000000000000000        1.1629805538355595     
   21.000000000000000        1.1538661878824974     
   22.000000000000000        1.1444528337968414     
   23.000000000000000        1.1347582139742673     
   24.000000000000000        1.1248002370567294     
   25.000000000000000        1.1145969335360819     
   26.000000000000000        1.1041663926880394     
   27.000000000000000        1.0935267011622900     
   28.000000000000000        1.0826958835324187     
   29.000000000000000        1.0716918450853503     
   30.000000000000000        1.0605323171045200     
   31.000000000000000        1.0492348048742568     
   32.000000000000000        1.0378165386052214     
   33.000000000000000        1.0262944274524639     
   34.000000000000000        1.0146850167690893     
   35.000000000000000        1.0030044487099101     
   36.000000000000000       0.99126842627109280     
   37.000000000000000       0.97949218082395395     
   38.000000000000000       0.96769044317399289     
   39.000000000000000       0.95587741815011751     
   40.000000000000000       0.94406676270412471     
   41.000000000000000       0.93227156747696116     
   42.000000000000000       0.92050434176626039     
   43.000000000000000       0.90877700180931298     
   44.000000000000000       0.89710086227704888     
   45.000000000000000       0.88548663085785229     
   46.000000000000000       0.87394440579522592     
   47.000000000000000       0.86248367623039845     
   48.000000000000000       0.85111332519004956     
   49.000000000000000       0.83984163505028897     
   50.000000000000000       0.82867629530092468     
   51.000000000000000       0.81762441242879946     
   52.000000000000000       0.80669252173548756     
   53.000000000000000       0.79588660090287477     
   54.000000000000000       0.78521208511996821     
   55.000000000000000       0.77467388358563338     
   56.000000000000000       0.76427639720465446     
   57.000000000000000       0.75402353729852312     
   58.000000000000000       0.74391874515748191     
   59.000000000000000       0.73396501226651178     
   60.000000000000000       0.72416490104497666     
   61.000000000000000       0.71452056594745195     
   62.000000000000000       0.70503377478169216     
   63.000000000000000       0.69570593010864556     
   64.000000000000000       0.68653809059876503     
   65.000000000000000       0.67753099222850521     
   66.000000000000000       0.66868506921069859     
   67.000000000000000       0.66000047456239674     
   68.000000000000000       0.65147710022364691     
   69.000000000000000       0.64311459665046156     
   70.000000000000000       0.63491239181485704     
   71.000000000000000       0.62686970955422128     
   72.000000000000000       0.61898558722135821     
   73.000000000000000       0.61125889259530042     
   74.000000000000000       0.60368834002132155     
   75.000000000000000       0.59627250575650992     
   76.000000000000000       0.58900984250472277     
   77.000000000000000       0.58189869313172238     
   78.000000000000000       0.57493730355777239     
   79.000000000000000       0.56812383483095141     
   80.000000000000000       0.56145637438988694     
   81.000000000000000       0.55493294652955172     
   82.000000000000000       0.54855152208817948     
   83.000000000000000       0.54231002737726763     
   84.000000000000000       0.53620635238004144     
   85.000000000000000       0.53023835824667143     
   86.000000000000000       0.52440388411699679     
   87.000000000000000       0.51870075330348453     
   88.000000000000000       0.51312677886874125     
   89.000000000000000       0.50767976863302688     
   90.000000000000000       0.50235752964799385     
   91.000000000000000       0.49715787217327984     
   92.000000000000000       0.49207861319263696     
   93.000000000000000       0.48711757950604384     
   94.000000000000000       0.48227261043370773     
   95.000000000000000       0.47754156016708055     
   96.000000000000000       0.47292229980099776     
   97.000000000000000       0.46841271907981435     
   98.000000000000000       0.46401072788903819     
   99.000000000000000       0.45971425752239209     
   100.00000000000000       0.45552126175258489     
   101.00000000000000       0.45142971773229057     
   102.00000000000000       0.44743762675000598     
   103.00000000000000       0.44354301486355058     
   104.00000000000000       0.43974393343205953     
   105.00000000000000       0.43603845956538856     
   106.00000000000000       0.43242469650792270     
   107.00000000000000       0.42890077397189258     
   108.00000000000000       0.42546484843345389     
   109.00000000000000       0.42211510340299019     
   110.00000000000000       0.41884974967938066     
   111.00000000000000       0.41566702559633634     
   112.00000000000000       0.41256519726736174     
   113.00000000000000       0.40954255883444335     
   114.00000000000000       0.40659743272422871     
   115.00000000000000       0.40372816991421973     
   116.00000000000000       0.40093315021037584     
   117.00000000000000       0.39821078253651693     
   118.00000000000000       0.39555950523500855     
   119.00000000000000       0.39297778637743114     
   120.00000000000000       0.39046412408325337     
   121.00000000000000       0.38801704684395677     
   122.00000000000000       0.38563511384959021     
   123.00000000000000       0.38331691531436896     
   124.00000000000000       0.38106107279763746     
   125.00000000000000       0.37886623951634396     
   126.00000000000000       0.37673110064504611     
   127.00000000000000       0.37465437359944409     
   128.00000000000000       0.37263480829946438     
   129.00000000000000       0.37067118740801169     
   130.00000000000000       0.36876232654166458     
   131.00000000000000       0.36690707444977916     
   132.00000000000000       0.36510431315872338     
   133.00000000000000       0.36335295807823492     
   134.00000000000000       0.36165195806721762     
   135.00000000000000       0.36000029545662554     
   136.00000000000000       0.35839698602745357     
   137.00000000000000       0.35684107894222378     
   138.00000000000000       0.35533165662875316     
   139.00000000000000       0.35386783461538479     
   140.00000000000000       0.35244876131726127     
   141.00000000000000       0.35107361777362278     
   142.00000000000000       0.34974161733650772     
   143.00000000000000       0.34845200531161552     
   144.00000000000000       0.34720405855247249     
   145.00000000000000       0.34599708500939486     
   146.00000000000000       0.34483042323509283     
   147.00000000000000       0.34370344184907664     
   148.00000000000000       0.34261553896332658     
   149.00000000000000       0.34156614157196480     
   150.00000000000000       0.34055470490791295     
   151.00000000000000       0.33958071176974153     
   152.00000000000000       0.33864367182210303     
   153.00000000000000       0.33774312087330627     
   154.00000000000000       0.33687862013371445     
   155.00000000000000       0.33604975545874288     
   156.00000000000000       0.33525613658030951     
   157.00000000000000       0.33449739633061337     
   158.00000000000000       0.33377318986213128     
   159.00000000000000       0.33308319386769586     
   160.00000000000000       0.33242710580446799     
   161.00000000000000       0.33180464312553937     
   162.00000000000000       0.33121554252280783     
   163.00000000000000       0.33065955918463802     
   164.00000000000000       0.33013646607169056     
   165.00000000000000       0.32964605321414381     
   166.00000000000000       0.32918812703336275     
   167.00000000000000       0.32876250969089599     
   168.00000000000000       0.32836903846748899     
   169.00000000000000       0.32800756517461616     
   170.00000000000000       0.32767795560083190     
   171.00000000000000       0.32738008899505167     
   172.00000000000000       0.32711385758867312     
   173.00000000000000       0.32687916615826129     
   174.00000000000000       0.32667593163032382     
   175.00000000000000       0.32650408272952947     
   176.00000000000000       0.32636355967153952     
   177.00000000000000       0.32625431390144827     
   178.00000000000000       0.32617630787866836     
   179.00000000000000       0.32612951490893283     
   180.00000000000000       0.32611391902392822     
