   0.0000000000000000        19.222346025043596     
   1.0000000000000000        19.222323830975206     
   2.0000000000000000        19.222257256633867     
   3.0000000000000000        19.222146325607007     
   4.0000000000000000        19.221991077194239     
   5.0000000000000000        19.221791566387850     
   6.0000000000000000        19.221547863845871     
   7.0000000000000000        19.221260055857272     
   8.0000000000000000        19.220928244299618     
   9.0000000000000000        19.220552546589015     
   10.000000000000000        19.220133095622522     
   11.000000000000000        19.219670039713055     
   12.000000000000000        19.219163542516768     
   13.000000000000000        19.218613782953053     
   14.000000000000000        19.218020955117243     
   15.000000000000000        19.217385268185925     
   16.000000000000000        19.216706946315206     
   17.000000000000000        19.215986228531797     
   18.000000000000000        19.215223368617135     
   19.000000000000000        19.214418634984572     
   20.000000000000000        19.213572310549772     
   21.000000000000000        19.212684692594422     
   22.000000000000000        19.211756092623329     
   23.000000000000000        19.210786836215124     
   24.000000000000000        19.209777262866531     
   25.000000000000000        19.208727725830595     
   26.000000000000000        19.207638591948587     
   27.000000000000000        19.206510241476295     
   28.000000000000000        19.205343067904185     
   29.000000000000000        19.204137477772214     
   30.000000000000000        19.202893890478915     
   31.000000000000000        19.201612738085341     
   32.000000000000000        19.200294465113664     
   33.000000000000000        19.198939528340798     
   34.000000000000000        19.197548396587237     
   35.000000000000000        19.196121550501090     
   36.000000000000000        19.194659482337677     
   37.000000000000000        19.193162695734671     
   38.000000000000000        19.191631705483186     
   39.000000000000000        19.190067037294718     
   40.000000000000000        19.188469227564394     
   41.000000000000000        19.186838823130429     
   42.000000000000000        19.185176381030246     
   43.000000000000000        19.183482468253171     
   44.000000000000000        19.181757661490117     
   45.000000000000000        19.180002546880242     
   46.000000000000000        19.178217719755008     
   47.000000000000000        19.176403784379453     
   48.000000000000000        19.174561353691299     
   49.000000000000000        19.172691049037716     
   50.000000000000000        19.170793499910065     
   51.000000000000000        19.168869343676892     
   52.000000000000000        19.166919225315169     
   53.000000000000000        19.164943797140101     
   54.000000000000000        19.162943718533565     
   55.000000000000000        19.160919655671545     
   56.000000000000000        19.158872281250421     
   57.000000000000000        19.156802274212655     
   58.000000000000000        19.154710319471764     
   59.000000000000000        19.152597107636876     
   60.000000000000000        19.150463334736983     
   61.000000000000000        19.148309701945109     
   62.000000000000000        19.146136915302538     
   63.000000000000000        19.143945685443214     
   64.000000000000000        19.141736727318470     
   65.000000000000000        19.139510759922395     
   66.000000000000000        19.137268506017683     
   67.000000000000000        19.135010691862512     
   68.000000000000000        19.132738046938144     
   69.000000000000000        19.130451303677816     
   70.000000000000000        19.128151197196726     
   71.000000000000000        19.125838465023477     
   72.000000000000000        19.123513846832939     
   73.000000000000000        19.121178084180773     
   74.000000000000000        19.118831920239685     
   75.000000000000000        19.116476099537536     
   76.000000000000000        19.114111367697426     
   77.000000000000000        19.111738471179841     
   78.000000000000000        19.109358157027032     
   79.000000000000000        19.106971172609615     
   80.000000000000000        19.104578265375636     
   81.000000000000000        19.102180182602048     
   82.000000000000000        19.099777671148843     
   83.000000000000000        19.097371477215678     
   84.000000000000000        19.094962346101472     
   85.000000000000000        19.092551021966631     
   86.000000000000000        19.090138247598215     
   87.000000000000000        19.087724764178084     
   88.000000000000000        19.085311311054088     
   89.000000000000000        19.082898625514233     
   90.000000000000000        19.080487442564117     
   91.000000000000000        19.078078494707476     
   92.000000000000000        19.075672511730001     
   93.000000000000000        19.073270220486474     
   94.000000000000000        19.070872344691086     
   95.000000000000000        19.068479604711403     
   96.000000000000000        19.066092717365372     
   97.000000000000000        19.063712395722078     
   98.000000000000000        19.061339348905751     
   99.000000000000000        19.058974281903339     
   100.00000000000000        19.056617895375545     
   101.00000000000000        19.054270885471404     
   102.00000000000000        19.051933943646354     
   103.00000000000000        19.049607756483820     
   104.00000000000000        19.047293005520441     
   105.00000000000000        19.044990367074675     
   106.00000000000000        19.042700512079090     
   107.00000000000000        19.040424105916145     
   108.00000000000000        19.038161808257417     
   109.00000000000000        19.035914272906496     
   110.00000000000000        19.033682147645255     
   111.00000000000000        19.031466074083710     
   112.00000000000000        19.029266687513299     
   113.00000000000000        19.027084616763638     
   114.00000000000000        19.024920484062683     
   115.00000000000000        19.022774904900402     
   116.00000000000000        19.020648487895677     
   117.00000000000000        19.018541834666685     
   118.00000000000000        19.016455539704523     
   119.00000000000000        19.014390190250257     
   120.00000000000000        19.012346366175006     
   121.00000000000000        19.010324639863494     
   122.00000000000000        19.008325576100589     
   123.00000000000000        19.006349731961155     
   124.00000000000000        19.004397656702878     
   125.00000000000000        19.002469891662209     
   126.00000000000000        19.000566970153351     
   127.00000000000000        18.998689417370223     
   128.00000000000000        18.996837750291309     
   129.00000000000000        18.995012477587434     
   130.00000000000000        18.993214099532395     
   131.00000000000000        18.991443107916364     
   132.00000000000000        18.989699985962037     
   133.00000000000000        18.987985208243511     
   134.00000000000000        18.986299240607750     
   135.00000000000000        18.984642540098751     
   136.00000000000000        18.983015554884133     
   137.00000000000000        18.981418724184394     
   138.00000000000000        18.979852478204428     
   139.00000000000000        18.978317238067582     
   140.00000000000000        18.976813415752058     
   141.00000000000000        18.975341414029558     
   142.00000000000000        18.973901626406132     
   143.00000000000000        18.972494437065464     
   144.00000000000000        18.971120220814019     
   145.00000000000000        18.969779343028485     
   146.00000000000000        18.968472159605216     
   147.00000000000000        18.967199016911689     
   148.00000000000000        18.965960251739897     
   149.00000000000000        18.964756191261678     
   150.00000000000000        18.963587152985998     
   151.00000000000000        18.962453444717866     
   152.00000000000000        18.961355364519193     
   153.00000000000000        18.960293200671355     
   154.00000000000000        18.959267231639430     
   155.00000000000000        18.958277726038030     
   156.00000000000000        18.957324942598895     
   157.00000000000000        18.956409130139896     
   158.00000000000000        18.955530527535721     
   159.00000000000000        18.954689363689905     
   160.00000000000000        18.953885857508482     
   161.00000000000000        18.953120217874943     
   162.00000000000000        18.952392643626620     
   163.00000000000000        18.951703323532502     
   164.00000000000000        18.951052436272249     
   165.00000000000000        18.950440150416636     
   166.00000000000000        18.949866624409157     
   167.00000000000000        18.949332006549028     
   168.00000000000000        18.948836434975220     
   169.00000000000000        18.948380037651837     
   170.00000000000000        18.947962932354638     
   171.00000000000000        18.947585226658646     
   172.00000000000000        18.947247017927008     
   173.00000000000000        18.946948393300858     
   174.00000000000000        18.946689429690370     
   175.00000000000000        18.946470193766881     
   176.00000000000000        18.946290741956030     
   177.00000000000000        18.946151120432088     
   178.00000000000000        18.946051365113195     
   179.00000000000000        18.945991501657758     
   180.00000000000000        18.945971545461880     
