   0.0000000000000000        1.1227993691398239     
   1.0000000000000000        1.1223939251641442     
   2.0000000000000000        1.1211789135890822     
   3.0000000000000000        1.1191582872102162     
   4.0000000000000000        1.1163386065630814     
   5.0000000000000000        1.1127289990076110     
   6.0000000000000000        1.1083411019830394     
   7.0000000000000000        1.1031889909619452     
   8.0000000000000000        1.0972890927717882     
   9.0000000000000000        1.0906600850837653     
   10.000000000000000        1.0833227829904120     
   11.000000000000000        1.0753000137037514     
   12.000000000000000        1.0666164805036056     
   13.000000000000000        1.0572986171499938     
   14.000000000000000        1.0473744340433644     
   15.000000000000000        1.0368733574711568     
   16.000000000000000        1.0258260633184737     
   17.000000000000000        1.0142643066441335     
   18.000000000000000        1.0022207485312622     
   19.000000000000000       0.98972878161395561     
   20.000000000000000       0.97682235565892039     
   21.000000000000000       0.96353580454405530     
   22.000000000000000       0.94990367592540825     
   23.000000000000000       0.93596056482093593     
   24.000000000000000       0.92174095226508834     
   25.000000000000000       0.90727905010371446     
   26.000000000000000       0.89260865290555080     
   27.000000000000000       0.87776299786602241     
   28.000000000000000       0.86277463347278305     
   29.000000000000000       0.84767529759187454     
   30.000000000000000       0.83249580552012437     
   31.000000000000000       0.81726594843495892     
   32.000000000000000       0.80201440255864165     
   33.000000000000000       0.78676864924142220     
   34.000000000000000       0.77155490605862964     
   35.000000000000000       0.75639806891143424     
   36.000000000000000       0.74132166502105101     
   37.000000000000000       0.72634781661250114     
   38.000000000000000       0.71149721499748242     
   39.000000000000000       0.69678910468719568     
   40.000000000000000       0.68224127709558036     
   41.000000000000000       0.66787007333182036     
   42.000000000000000       0.65369039552834207     
   43.000000000000000       0.63971572610702399     
   44.000000000000000       0.62595815435190205     
   45.000000000000000       0.61242840963111589     
   46.000000000000000       0.59913590059397137     
   47.000000000000000       0.58608875966036034     
   48.000000000000000       0.57329389211894688     
   49.000000000000000       0.56075702915693315     
   50.000000000000000       0.54848278415724694     
   51.000000000000000       0.53647471161798577     
   52.000000000000000       0.52473536807321974     
   53.000000000000000       0.51326637442307432     
   54.000000000000000       0.50206847911364916     
   55.000000000000000       0.49114162164311459     
   56.000000000000000       0.48048499590847110     
   57.000000000000000       0.47009711294740941     
   58.000000000000000       0.45997586267070628     
   59.000000000000000       0.45011857422215179     
   60.000000000000000       0.44052207464450932     
   61.000000000000000       0.43118274557102371     
   62.000000000000000       0.42209657770204190     
   63.000000000000000       0.41325922286507022     
   64.000000000000000       0.40466604349370294     
   65.000000000000000       0.39631215939610265     
   66.000000000000000       0.38819249171686970     
   67.000000000000000       0.38030180402706232     
   68.000000000000000       0.37263474050575313     
   69.000000000000000       0.36518586120271240     
   70.000000000000000       0.35794967439566205     
   71.000000000000000       0.35092066607700295     
   72.000000000000000       0.34409332662404962     
   73.000000000000000       0.33746217472370943     
   74.000000000000000       0.33102177863726057     
   75.000000000000000       0.32476677490357275     
   76.000000000000000       0.31869188458984082     
   77.000000000000000       0.31279192720783244     
   78.000000000000000       0.30706183242087098     
   79.000000000000000       0.30149664967242545     
   80.000000000000000       0.29609155587138430     
   81.000000000000000       0.29084186127193240     
   82.000000000000000       0.28574301368759164     
   83.000000000000000       0.28079060117946020     
   84.000000000000000       0.27598035335815668     
   85.000000000000000       0.27130814143746956     
   86.000000000000000       0.26676997717535306     
   87.000000000000000       0.26236201083476041     
   88.000000000000000       0.25808052829291561     
   89.000000000000000       0.25392194742310364     
   90.000000000000000       0.24988281386792646     
   91.000000000000000       0.24595979631732515     
   92.000000000000000       0.24214968139854434     
   93.000000000000000       0.23844936827869986     
   94.000000000000000       0.23485586307373518     
   95.000000000000000       0.23136627315042008     
   96.000000000000000       0.22797780140067636     
   97.000000000000000       0.22468774056002105     
   98.000000000000000       0.22149346763432240     
   99.000000000000000       0.21839243849147202     
   100.00000000000000       0.21538218266702347     
   101.00000000000000       0.21246029842542538     
   102.00000000000000       0.20962444811123179     
   103.00000000000000       0.20687235381767211     
   104.00000000000000       0.20420179339326858     
   105.00000000000000       0.20161059680084684     
   106.00000000000000       0.19909664283734146     
   107.00000000000000       0.19665785621730433     
   108.00000000000000       0.19429220501799394     
   109.00000000000000       0.19199769847940074     
   110.00000000000000       0.18977238514855374     
   111.00000000000000       0.18761435135396820     
   112.00000000000000       0.18552171999313224     
   113.00000000000000       0.18349264961348802     
   114.00000000000000       0.18152533376541710     
   115.00000000000000       0.17961800060427710     
   116.00000000000000       0.17776891271751682     
   117.00000000000000       0.17597636715230203     
   118.00000000000000       0.17423869561885824     
   119.00000000000000       0.17255426484485287     
   120.00000000000000       0.17092147705654706     
   121.00000000000000       0.16933877056310775     
   122.00000000000000       0.16780462042133457     
   123.00000000000000       0.16631753915909064     
   124.00000000000000       0.16487607753688088     
   125.00000000000000       0.16347882532827498     
   126.00000000000000       0.16212441210117323     
   127.00000000000000       0.16081150798325505     
   128.00000000000000       0.15953882439629338     
   129.00000000000000       0.15830511474534936     
   130.00000000000000       0.15710917505017385     
   131.00000000000000       0.15594984450741672     
   132.00000000000000       0.15482600597347934     
   133.00000000000000       0.15373658635905019     
   134.00000000000000       0.15268055692751389     
   135.00000000000000       0.15165693349056139     
   136.00000000000000       0.15066477649541909     
   137.00000000000000       0.14970319099920260     
   138.00000000000000       0.14877132652695904     
   139.00000000000000       0.14786837681102560     
   140.00000000000000       0.14699357941038757     
   141.00000000000000       0.14614621520977497     
   142.00000000000000       0.14532560779930345     
   143.00000000000000       0.14453112273652077     
   144.00000000000000       0.14376216669378702     
   145.00000000000000       0.14301818649496509     
   146.00000000000000       0.14229866804642965     
   147.00000000000000       0.14160313516841144     
   148.00000000000000       0.14093114833364920     
   149.00000000000000       0.14028230332122807     
   150.00000000000000       0.13965622979431169     
   151.00000000000000       0.13905258981121368     
   152.00000000000000       0.13847107627989114     
   153.00000000000000       0.13791141136645513     
   154.00000000000000       0.13737334486867681     
   155.00000000000000       0.13685665256570659     
   156.00000000000000       0.13636113455531221     
   157.00000000000000       0.13588661358987475     
   158.00000000000000       0.13543293342216203     
   159.00000000000000       0.13499995717152161     
   160.00000000000000       0.13458756572062144     
   161.00000000000000       0.13419565615220982     
   162.00000000000000       0.13382414023459915     
   163.00000000000000       0.13347294296370324     
   164.00000000000000       0.13314200116850930     
   165.00000000000000       0.13283126218585678     
   166.00000000000000       0.13254068260935575     
   167.00000000000000       0.13227022711623465     
   168.00000000000000       0.13201986737488039     
   169.00000000000000       0.13178958103485375     
   170.00000000000000       0.13157935080025501     
   171.00000000000000       0.13138916358648825     
   172.00000000000000       0.13121900975976331     
   173.00000000000000       0.13106888245808254     
   174.00000000000000       0.13093877699200041     
   175.00000000000000       0.13082869032313010     
   176.00000000000000       0.13073862061819175     
   177.00000000000000       0.13066856687636122     
   178.00000000000000       0.13061852862777268     
   179.00000000000000       0.13058850570123690     
   180.00000000000000       0.13057849805955968     
