   0.0000000000000000       0.64368908153239257     
   1.0000000000000000       0.64343247183887764     
   2.0000000000000000       0.64266346555715004     
   3.0000000000000000       0.64138452608020069     
   4.0000000000000000       0.63959974243036988     
   5.0000000000000000       0.63731480446924582     
   6.0000000000000000       0.63453696850728303     
   7.0000000000000000       0.63127501362429994     
   8.0000000000000000       0.62753918909443729     
   9.0000000000000000       0.62334115338685048     
   10.000000000000000       0.61869390528546131     
   11.000000000000000       0.61361170773669438     
   12.000000000000000       0.60811000509254343     
   13.000000000000000       0.60220533446693714     
   14.000000000000000       0.59591523196567764     
   15.000000000000000       0.58925813458383847     
   16.000000000000000       0.58225327858918274     
   17.000000000000000       0.57492059522571215     
   18.000000000000000       0.56728060457791019     
   19.000000000000000       0.55935430843372169     
   20.000000000000000       0.55116308297299266     
   21.000000000000000       0.54272857208838277     
   22.000000000000000       0.53407258211807884     
   23.000000000000000       0.52521697873452822     
   24.000000000000000       0.51618358669152897     
   25.000000000000000       0.50699409308405519     
   26.000000000000000       0.49766995472189918     
   27.000000000000000       0.48823231016048702     
   28.000000000000000       0.47870189687079229     
   29.000000000000000       0.46909897396611688     
   30.000000000000000       0.45944325083744592     
   31.000000000000000       0.44975382198200003     
   32.000000000000000       0.44004910824236076     
   33.000000000000000       0.43034680460693275     
   34.000000000000000       0.42066383465732138     
   35.000000000000000       0.41101631168516800     
   36.000000000000000       0.40141950644072016     
   37.000000000000000       0.39188782141857331     
   38.000000000000000       0.38243477153305200     
   39.000000000000000       0.37307297098707404     
   40.000000000000000       0.36381412609441138     
   41.000000000000000       0.35466903377627845     
   42.000000000000000       0.34564758541933632     
   43.000000000000000       0.33675877575361446     
   44.000000000000000       0.32801071638551843     
   45.000000000000000       0.31941065360300941     
   46.000000000000000       0.31096499005702843     
   47.000000000000000       0.30267930991518133     
   48.000000000000000       0.29455840708031961     
   49.000000000000000       0.28660631606766868     
   50.000000000000000       0.27882634513926924     
   51.000000000000000       0.27122111130330767     
   52.000000000000000       0.26379257679807810     
   53.000000000000000       0.25654208669541101     
   54.000000000000000       0.24947040727601977     
   55.000000000000000       0.24257776484895913     
   56.000000000000000       0.23586388470882627     
   57.000000000000000       0.22932802994709364     
   58.000000000000000       0.22296903985764785     
   59.000000000000000       0.21678536770087309     
   60.000000000000000       0.21077511761511286     
   61.000000000000000       0.20493608048878245     
   62.000000000000000       0.19926576863049991     
   63.000000000000000       0.19376144909810827     
   64.000000000000000       0.18842017557018317     
   65.000000000000000       0.18323881866535832     
   66.000000000000000       0.17821409463543120     
   67.000000000000000       0.17334259237760036     
   68.000000000000000       0.16862079872926453     
   69.000000000000000       0.16404512202551333     
   70.000000000000000       0.15961191391473428     
   71.000000000000000       0.15531748944163601     
   72.000000000000000       0.15115814541945843     
   73.000000000000000       0.14713017712422907     
   74.000000000000000       0.14322989335366984     
   75.000000000000000       0.13945362990182839     
   76.000000000000000       0.13579776150773273     
   77.000000000000000       0.13225871234245382     
   78.000000000000000       0.12883296510394457     
   79.000000000000000       0.12551706879300589     
   80.000000000000000       0.12230764524676679     
   81.000000000000000       0.11920139450824500     
   82.000000000000000       0.11619509911193915     
   83.000000000000000       0.11328562736606804     
   84.000000000000000       0.11046993571208140     
   85.000000000000000       0.10774507024148386     
   86.000000000000000       0.10510816744889807     
   87.000000000000000       0.10255645429869578     
   88.000000000000000       0.10008724768050882     
   89.000000000000000        9.7697953326529918E-002
   90.000000000000000        9.5386064260783124E-002
   91.000000000000000        9.3149158847522479E-002
   92.000000000000000        9.0984898502647210E-002
   93.000000000000000        8.8891025128541704E-002
   94.000000000000000        8.6865358329094186E-002
   95.000000000000000        8.4905792457858051E-002
   96.000000000000000        8.3010293548429218E-002
   97.000000000000000        8.1176896172149918E-002
   98.000000000000000        7.9403700264259636E-002
   99.000000000000000        7.7688867955614693E-002
   100.00000000000000        7.6030620443134286E-002
   101.00000000000000        7.4427234928222827E-002
   102.00000000000000        7.2877041648602467E-002
   103.00000000000000        7.1378421025286048E-002
   104.00000000000000        6.9929800942860262E-002
   105.00000000000000        6.8529654177849897E-002
   106.00000000000000        6.7176495986719820E-002
   107.00000000000000        6.5868881862055681E-002
   108.00000000000000        6.4605405462665230E-002
   109.00000000000000        6.3384696720765618E-002
   110.00000000000000        6.2205420127079455E-002
   111.00000000000000        6.1066273192555108E-002
   112.00000000000000        5.9965985083555384E-002
   113.00000000000000        5.8903315425720394E-002
   114.00000000000000        5.7877053270301258E-002
   115.00000000000000        5.6886016215566514E-002
   116.00000000000000        5.5929049674899901E-002
   117.00000000000000        5.5005026282414653E-002
   118.00000000000000        5.4112845426295964E-002
   119.00000000000000        5.3251432899632384E-002
   120.00000000000000        5.2419740658188753E-002
   121.00000000000000        5.1616746674396002E-002
   122.00000000000000        5.0841454876763878E-002
   123.00000000000000        5.0092895163949255E-002
   124.00000000000000        4.9370123482818218E-002
   125.00000000000000        4.8672221960010434E-002
   126.00000000000000        4.7998299076738055E-002
   127.00000000000000        4.7347489876815939E-002
   128.00000000000000        4.6718956198221639E-002
   129.00000000000000        4.6111886918807680E-002
   130.00000000000000        4.5525498207140358E-002
   131.00000000000000        4.4959033769807068E-002
   132.00000000000000        4.4411765086922045E-002
   133.00000000000000        4.3882991627968167E-002
   134.00000000000000        4.3372041040537851E-002
   135.00000000000000        4.2878269304987421E-002
   136.00000000000000        4.2401060848492357E-002
   137.00000000000000        4.1939828612495476E-002
   138.00000000000000        4.1494014068071697E-002
   139.00000000000000        4.1063087174301821E-002
   140.00000000000000        4.0646546275346321E-002
   141.00000000000000        4.0243917932546086E-002
   142.00000000000000        3.9854756688546752E-002
   143.00000000000000        3.9478644761141185E-002
   144.00000000000000        3.9115191665254033E-002
   145.00000000000000        3.8764033762241024E-002
   146.00000000000000        3.8424833736441934E-002
   147.00000000000000        3.8097279999699078E-002
   148.00000000000000        3.7781086025327038E-002
   149.00000000000000        3.7475989613780347E-002
   150.00000000000000        3.7181752093008114E-002
   151.00000000000000        3.6898157457194179E-002
   152.00000000000000        3.6625011448249686E-002
   153.00000000000000        3.6362140585040899E-002
   154.00000000000000        3.6109391145890485E-002
   155.00000000000000        3.5866628110375616E-002
   156.00000000000000        3.5633734066854779E-002
   157.00000000000000        3.5410608092481803E-002
   158.00000000000000        3.5197164612706493E-002
   159.00000000000000        3.4993332247413363E-002
   160.00000000000000        3.4799052650914937E-002
   161.00000000000000        3.4614279352995186E-002
   162.00000000000000        3.4438976608094848E-002
   163.00000000000000        3.4273118259550067E-002
   164.00000000000000        3.4116686625547232E-002
   165.00000000000000        3.3969671413144199E-002
   166.00000000000000        3.3832068666347692E-002
   167.00000000000000        3.3703879753831552E-002
   168.00000000000000        3.3585110401446530E-002
   169.00000000000000        3.3475769774218039E-002
   170.00000000000000        3.3375869612064374E-002
   171.00000000000000        3.3285423423005146E-002
   172.00000000000000        3.3204445737175424E-002
   173.00000000000000        3.3132951424525506E-002
   174.00000000000000        3.3070955078673296E-002
   175.00000000000000        3.3018470468993116E-002
   176.00000000000000        3.2975510062672672E-002
   177.00000000000000        3.2942084618151860E-002
   178.00000000000000        3.2918202851071894E-002
   179.00000000000000        3.2903871173609621E-002
   180.00000000000000        3.2899093507845208E-002
