   0.0000000000000000       0.28883002996164447     
   1.0000000000000000       0.28883002996164447     
   2.0000000000000000       0.28883002996164447     
   3.0000000000000000       0.28883002996164447     
   4.0000000000000000       0.28883002996164447     
   5.0000000000000000       0.28883002996164447     
   6.0000000000000000       0.28883002996164447     
   7.0000000000000000       0.28883002996164447     
   8.0000000000000000       0.28883002996164447     
   9.0000000000000000       0.28883002996164447     
   10.000000000000000       0.28883002996164447     
   11.000000000000000       0.28883002996164447     
   12.000000000000000       0.28883002996164447     
   13.000000000000000       0.28883002996164447     
   14.000000000000000       0.28883002996164447     
   15.000000000000000       0.28883002996164447     
   16.000000000000000       0.28883002996164447     
   17.000000000000000       0.28883002996164447     
   18.000000000000000       0.28883002996164447     
   19.000000000000000       0.28883002996164447     
   20.000000000000000       0.28883002996164447     
   21.000000000000000       0.28883002996164447     
   22.000000000000000       0.28883002996164447     
   23.000000000000000       0.28883002996164447     
   24.000000000000000       0.28883002996164447     
   25.000000000000000       0.28883002996164447     
   26.000000000000000       0.28883002996164447     
   27.000000000000000       0.28883002996164447     
   28.000000000000000       0.28883002996164447     
   29.000000000000000       0.28883002996164447     
   30.000000000000000       0.28883002996164447     
   31.000000000000000       0.28883002996164447     
   32.000000000000000       0.28883002996164447     
   33.000000000000000       0.28883002996164447     
   34.000000000000000       0.28883002996164447     
   35.000000000000000       0.28883002996164447     
   36.000000000000000       0.28883002996164447     
   37.000000000000000       0.28883002996164447     
   38.000000000000000       0.28883002996164447     
   39.000000000000000       0.28883002996164447     
   40.000000000000000       0.28883002996164447     
   41.000000000000000       0.28883002996164447     
   42.000000000000000       0.28883002996164447     
   43.000000000000000       0.28883002996164447     
   44.000000000000000       0.28883002996164447     
   45.000000000000000       0.28883002996164447     
   46.000000000000000       0.28883002996164447     
   47.000000000000000       0.28883002996164447     
   48.000000000000000       0.28883002996164447     
   49.000000000000000       0.28883002996164447     
   50.000000000000000       0.28883002996164447     
   51.000000000000000       0.28883002996164447     
   52.000000000000000       0.28883002996164447     
   53.000000000000000       0.28883002996164447     
   54.000000000000000       0.28883002996164447     
   55.000000000000000       0.28883002996164447     
   56.000000000000000       0.28883002996164447     
   57.000000000000000       0.28883002996164447     
   58.000000000000000       0.28883002996164447     
   59.000000000000000       0.28883002996164447     
   60.000000000000000       0.28883002996164447     
   61.000000000000000       0.28883002996164447     
   62.000000000000000       0.28883002996164447     
   63.000000000000000       0.28883002996164447     
   64.000000000000000       0.28883002996164447     
   65.000000000000000       0.28883002996164447     
   66.000000000000000       0.28883002996164447     
   67.000000000000000       0.28883002996164447     
   68.000000000000000       0.28883002996164447     
   69.000000000000000       0.28883002996164447     
   70.000000000000000       0.28883002996164447     
   71.000000000000000       0.28883002996164447     
   72.000000000000000       0.28883002996164447     
   73.000000000000000       0.28883002996164447     
   74.000000000000000       0.28883002996164447     
   75.000000000000000       0.28883002996164447     
   76.000000000000000       0.28883002996164447     
   77.000000000000000       0.28883002996164447     
   78.000000000000000       0.28883002996164447     
   79.000000000000000       0.28883002996164447     
   80.000000000000000       0.28883002996164447     
   81.000000000000000       0.28883002996164447     
   82.000000000000000       0.28883002996164447     
   83.000000000000000       0.28883002996164447     
   84.000000000000000       0.28883002996164447     
   85.000000000000000       0.28883002996164447     
   86.000000000000000       0.28883002996164447     
   87.000000000000000       0.28883002996164447     
   88.000000000000000       0.28883002996164447     
   89.000000000000000       0.28883002996164447     
   90.000000000000000       0.28883002996164447     
   91.000000000000000       0.28883002996164447     
   92.000000000000000       0.28883002996164447     
   93.000000000000000       0.28883002996164447     
   94.000000000000000       0.28883002996164447     
   95.000000000000000       0.28883002996164447     
   96.000000000000000       0.28883002996164447     
   97.000000000000000       0.28883002996164447     
   98.000000000000000       0.28883002996164447     
   99.000000000000000       0.28883002996164447     
   100.00000000000000       0.28883002996164447     
   101.00000000000000       0.28883002996164447     
   102.00000000000000       0.28883002996164447     
   103.00000000000000       0.28883002996164447     
   104.00000000000000       0.28883002996164447     
   105.00000000000000       0.28883002996164447     
   106.00000000000000       0.28883002996164447     
   107.00000000000000       0.28883002996164447     
   108.00000000000000       0.28883002996164447     
   109.00000000000000       0.28883002996164447     
   110.00000000000000       0.28883002996164447     
   111.00000000000000       0.28883002996164447     
   112.00000000000000       0.28883002996164447     
   113.00000000000000       0.28883002996164447     
   114.00000000000000       0.28883002996164447     
   115.00000000000000       0.28883002996164447     
   116.00000000000000       0.28883002996164447     
   117.00000000000000       0.28883002996164447     
   118.00000000000000       0.28883002996164447     
   119.00000000000000       0.28883002996164447     
   120.00000000000000       0.28883002996164447     
   121.00000000000000       0.28883002996164447     
   122.00000000000000       0.28883002996164447     
   123.00000000000000       0.28883002996164447     
   124.00000000000000       0.28883002996164447     
   125.00000000000000       0.28883002996164447     
   126.00000000000000       0.28883002996164447     
   127.00000000000000       0.28883002996164447     
   128.00000000000000       0.28883002996164447     
   129.00000000000000       0.28883002996164447     
   130.00000000000000       0.28883002996164447     
   131.00000000000000       0.28883002996164447     
   132.00000000000000       0.28883002996164447     
   133.00000000000000       0.28883002996164447     
   134.00000000000000       0.28883002996164447     
   135.00000000000000       0.28883002996164447     
   136.00000000000000       0.28883002996164447     
   137.00000000000000       0.28883002996164447     
   138.00000000000000       0.28883002996164447     
   139.00000000000000       0.28883002996164447     
   140.00000000000000       0.28883002996164447     
   141.00000000000000       0.28883002996164447     
   142.00000000000000       0.28883002996164447     
   143.00000000000000       0.28883002996164447     
   144.00000000000000       0.28883002996164447     
   145.00000000000000       0.28883002996164447     
   146.00000000000000       0.28883002996164447     
   147.00000000000000       0.28883002996164447     
   148.00000000000000       0.28883002996164447     
   149.00000000000000       0.28883002996164447     
   150.00000000000000       0.28883002996164447     
   151.00000000000000       0.28883002996164447     
   152.00000000000000       0.28883002996164447     
   153.00000000000000       0.28883002996164447     
   154.00000000000000       0.28883002996164447     
   155.00000000000000       0.28883002996164447     
   156.00000000000000       0.28883002996164447     
   157.00000000000000       0.28883002996164447     
   158.00000000000000       0.28883002996164447     
   159.00000000000000       0.28883002996164447     
   160.00000000000000       0.28883002996164447     
   161.00000000000000       0.28883002996164447     
   162.00000000000000       0.28883002996164447     
   163.00000000000000       0.28883002996164447     
   164.00000000000000       0.28883002996164447     
   165.00000000000000       0.28883002996164447     
   166.00000000000000       0.28883002996164447     
   167.00000000000000       0.28883002996164447     
   168.00000000000000       0.28883002996164447     
   169.00000000000000       0.28883002996164447     
   170.00000000000000       0.28883002996164447     
   171.00000000000000       0.28883002996164447     
   172.00000000000000       0.28883002996164447     
   173.00000000000000       0.28883002996164447     
   174.00000000000000       0.28883002996164447     
   175.00000000000000       0.28883002996164447     
   176.00000000000000       0.28883002996164447     
   177.00000000000000       0.28883002996164447     
   178.00000000000000       0.28883002996164447     
   179.00000000000000       0.28883002996164447     
   180.00000000000000       0.28883002996164447     
