   0.0000000000000000       0.73391303085437898     
   1.0000000000000000       0.73338672042694775     
   2.0000000000000000       0.73181046175452769     
   3.0000000000000000       0.72919224891739920     
   4.0000000000000000       0.72554532651634251     
   5.0000000000000000       0.72088807241174924     
   6.0000000000000000       0.71524383561868277     
   7.0000000000000000       0.70864073137889239     
   8.0000000000000000       0.70111139595287830     
   9.0000000000000000       0.69269270415716777     
   10.000000000000000       0.68342545310660940     
   11.000000000000000       0.67335401600223599     
   12.000000000000000       0.66252597012671288     
   13.000000000000000       0.65099170346706137     
   14.000000000000000       0.63880400457512465     
   15.000000000000000       0.62601764039802066     
   16.000000000000000       0.61268892686292697     
   17.000000000000000       0.59887529698326991     
   18.000000000000000       0.58463487116855728     
   19.000000000000000       0.57002603427035548     
   20.000000000000000       0.55510702368624121     
   21.000000000000000       0.53993553257675475     
   22.000000000000000       0.52456833193322638     
   23.000000000000000       0.50906091487324812     
   24.000000000000000       0.49346716614268016     
   25.000000000000000       0.47783905937586402     
   26.000000000000000       0.46222638421704149     
   27.000000000000000       0.44667650494383437     
   28.000000000000000       0.43123415176591356     
   29.000000000000000       0.41594124550654427     
   30.000000000000000       0.40083675591897067     
   31.000000000000000       0.38595659345061911     
   32.000000000000000       0.37133353385236073     
   33.000000000000000       0.35699717464331093     
   34.000000000000000       0.34297392208893518     
   35.000000000000000       0.32928700703574271     
   36.000000000000000       0.31595652767288457     
   37.000000000000000       0.30299951706199035     
   38.000000000000000       0.29043003309297405     
   39.000000000000000       0.27825926838597465     
   40.000000000000000       0.26649567756769638     
   41.000000000000000       0.25514511930307993     
   42.000000000000000       0.24421101045852428     
   43.000000000000000       0.23369448980821320     
   44.000000000000000       0.22359458876723931     
   45.000000000000000       0.21390840674046133     
   46.000000000000000       0.20463128881024090     
   47.000000000000000       0.19575700364496501     
   48.000000000000000       0.18727791968895327     
   49.000000000000000       0.17918517788829819     
   50.000000000000000       0.17146885941170828     
   51.000000000000000       0.16411814703598884     
   52.000000000000000       0.15712147907807170     
   53.000000000000000       0.15046669496544371     
   54.000000000000000       0.14414117174075974     
   55.000000000000000       0.13813195099109823     
   56.000000000000000       0.13242585587491440     
   57.000000000000000       0.12700959808798395     
   58.000000000000000       0.12186987476168420     
   59.000000000000000       0.11699345542156267     
   60.000000000000000       0.11236725925048555     
   61.000000000000000       0.10797842299845462     
   62.000000000000000       0.10381435996055159     
   63.000000000000000        9.9862810505972552E-002
   64.000000000000000        9.6111884685662938E-002
   65.000000000000000        9.2550097474859969E-002
   66.000000000000000        8.9166397221372137E-002
   67.000000000000000        8.5950187872312761E-002
   68.000000000000000        8.2891345543048403E-002
   69.000000000000000        7.9980229974168746E-002
   70.000000000000000        7.7207691397185613E-002
   71.000000000000000        7.4565073299262694E-002
   72.000000000000000        7.2044211543276795E-002
   73.000000000000000        6.9637430263537831E-002
   74.000000000000000        6.7337534920973871E-002
   75.000000000000000        6.5137802865783939E-002
   76.000000000000000        6.3031971721506846E-002
   77.000000000000000        6.1014225872983475E-002
   78.000000000000000        5.9079181312397970E-002
   79.000000000000000        5.7221869072860351E-002
   80.000000000000000        5.5437717458014991E-002
   81.000000000000000        5.3722533258912818E-002
   82.000000000000000        5.2072482135690067E-002
   83.000000000000000        5.0484068331126758E-002
   84.000000000000000        4.8954113875470419E-002
   85.000000000000000        4.7479737436481373E-002
   86.000000000000000        4.6058332964900452E-002
   87.000000000000000        4.4687548282851160E-002
   88.000000000000000        4.3365263760464040E-002
   89.000000000000000        4.2089571223675980E-002
   90.000000000000000        4.0858753233191505E-002
   91.000000000000000        3.9671262870552212E-002
   92.000000000000000        3.8525704161781346E-002
   93.000000000000000        3.7420813261899694E-002
   94.000000000000000        3.6355440514591081E-002
   95.000000000000000        3.5328533490386275E-002
   96.000000000000000        3.4339121093997470E-002
   97.000000000000000        3.3386298817028259E-002
   98.000000000000000        3.2469215196458283E-002
   99.000000000000000        3.1587059522381764E-002
   100.00000000000000        3.0739050820845978E-002
   101.00000000000000        2.9924428119722308E-002
   102.00000000000000        2.9142441987791156E-002
   103.00000000000000        2.8392347320092940E-002
   104.00000000000000        2.7673397326528775E-002
   105.00000000000000        2.6984838666095017E-002
   106.00000000000000        2.6325907656369489E-002
   107.00000000000000        2.5695827477234388E-002
   108.00000000000000        2.5093806279552020E-002
   109.00000000000000        2.4519036103755939E-002
   110.00000000000000        2.3970692510148866E-002
   111.00000000000000        2.3447934822091569E-002
   112.00000000000000        2.2949906885121642E-002
   113.00000000000000        2.2475738249178409E-002
   114.00000000000000        2.2024545687277578E-002
   115.00000000000000        2.1595434971866015E-002
   116.00000000000000        2.1187502839331553E-002
   117.00000000000000        2.0799839083352173E-002
   118.00000000000000        2.0431528728525366E-002
   119.00000000000000        2.0081654246607423E-002
   120.00000000000000        1.9749297788300056E-002
   121.00000000000000        1.9433543413470009E-002
   122.00000000000000        1.9133479311627812E-002
   123.00000000000000        1.8848200012131673E-002
   124.00000000000000        1.8576808589687535E-002
   125.00000000000000        1.8318418875118144E-002
   126.00000000000000        1.8072157683977550E-002
   127.00000000000000        1.7837167076372305E-002
   128.00000000000000        1.7612606660367288E-002
   129.00000000000000        1.7397655948724940E-002
   130.00000000000000        1.7191516774638774E-002
   131.00000000000000        1.6993415766815071E-002
   132.00000000000000        1.6802606878020137E-002
   133.00000000000000        1.6618373954366272E-002
   134.00000000000000        1.6440033325500415E-002
   135.00000000000000        1.6266936388837968E-002
   136.00000000000000        1.6098472154397261E-002
   137.00000000000000        1.5934069710965060E-002
   138.00000000000000        1.5773200569558578E-002
   139.00000000000000        1.5615380836700001E-002
   140.00000000000000        1.5460173168089819E-002
   141.00000000000000        1.5307188453000858E-002
   142.00000000000000        1.5156087181197320E-002
   143.00000000000000        1.5006580447426178E-002
   144.00000000000000        1.4858430553479452E-002
   145.00000000000000        1.4711451174365104E-002
   146.00000000000000        1.4565507063073409E-002
   147.00000000000000        1.4420513277547913E-002
   148.00000000000000        1.4276433923486539E-002
   149.00000000000000        1.4133280417191387E-002
   150.00000000000000        1.3991109283514004E-002
   151.00000000000000        1.3850019514653785E-002
   152.00000000000000        1.3710149525805975E-002
   153.00000000000000        1.3571673753084506E-002
   154.00000000000000        1.3434798947446312E-002
   155.00000000000000        1.3299760225241482E-002
   156.00000000000000        1.3166816941274355E-002
   157.00000000000000        1.3036248453706847E-002
   158.00000000000000        1.2908349851651681E-002
   159.00000000000000        1.2783427715835993E-002
   160.00000000000000        1.2661795980284114E-002
   161.00000000000000        1.2543771958650370E-002
   162.00000000000000        1.2429672592777925E-002
   163.00000000000000        1.2319810973470185E-002
   164.00000000000000        1.2214493174594779E-002
   165.00000000000000        1.2114015431793978E-002
   166.00000000000000        1.2018661686582712E-002
   167.00000000000000        1.1928701505826089E-002
   168.00000000000000        1.1844388375864169E-002
   169.00000000000000        1.1765958360249511E-002
   170.00000000000000        1.1693629100522481E-002
   171.00000000000000        1.1627599130983242E-002
   172.00000000000000        1.1568047471301371E-002
   173.00000000000000        1.1515133455259960E-002
   174.00000000000000        1.1468996750129112E-002
   175.00000000000000        1.1429757519213327E-002
   176.00000000000000        1.1397516680058830E-002
   177.00000000000000        1.1372356212618149E-002
   178.00000000000000        1.1354339475257444E-002
   179.00000000000000        1.1343511491706766E-002
   180.00000000000000        1.1339899178683707E-002
