   0.0000000000000000       0.48572788224503793     
   1.0000000000000000       0.48566296423475747     
   2.0000000000000000       0.48546829425569038     
   3.0000000000000000       0.48514412423652614     
   4.0000000000000000       0.48469087330397415     
   5.0000000000000000       0.48410912665462030     
   6.0000000000000000       0.48339963398253449     
   7.0000000000000000       0.48256330746958276     
   8.0000000000000000       0.48160121934731209     
   9.0000000000000000       0.48051459904112348     
   10.000000000000000       0.47930482990924728     
   11.000000000000000       0.47797344559073007     
   12.000000000000000       0.47652212597827148     
   13.000000000000000       0.47495269283326813     
   14.000000000000000       0.47326710506182840     
   15.000000000000000       0.47146745367183568     
   16.000000000000000       0.46955595643229414     
   17.000000000000000       0.46753495225725811     
   18.000000000000000       0.46540689533754748     
   19.000000000000000       0.46317434904424071     
   20.000000000000000       0.46083997962856449     
   21.000000000000000       0.45840654974331047     
   22.000000000000000       0.45587691181124967     
   23.000000000000000       0.45325400126623755     
   24.000000000000000       0.45054082969277565     
   25.000000000000000       0.44774047788972537     
   26.000000000000000       0.44485608888366890     
   27.000000000000000       0.44189086091709240     
   28.000000000000000       0.43884804043609421     
   29.000000000000000       0.43573091510175738     
   30.000000000000000       0.43254280684863394     
   31.000000000000000       0.42928706501298824     
   32.000000000000000       0.42596705955256792     
   33.000000000000000       0.42258617437866924     
   34.000000000000000       0.41914780082022440     
   35.000000000000000       0.41565533123847942     
   36.000000000000000       0.41211215280965663     
   37.000000000000000       0.40852164149172610     
   38.000000000000000       0.40488715619013110     
   39.000000000000000       0.40121203313597437     
   40.000000000000000       0.39749958048882106     
   41.000000000000000       0.39375307317491376     
   42.000000000000000       0.38997574797020235     
   43.000000000000000       0.38617079883623706     
   44.000000000000000       0.38234137251559547     
   45.000000000000000       0.37849056439217810     
   46.000000000000000       0.37462141462038689     
   47.000000000000000       0.37073690452591290     
   48.000000000000000       0.36683995327961255     
   49.000000000000000       0.36293341484475805     
   50.000000000000000       0.35902007519678741     
   51.000000000000000       0.35510264981358819     
   52.000000000000000       0.35118378143331541     
   53.000000000000000       0.34726603807576900     
   54.000000000000000       0.34335191132244580     
   55.000000000000000       0.33944381484954989     
   56.000000000000000       0.33554408320746587     
   57.000000000000000       0.33165497083951012     
   58.000000000000000       0.32777865133214035     
   59.000000000000000       0.32391721688825753     
   60.000000000000000       0.32007267801473771     
   61.000000000000000       0.31624696341492808     
   62.000000000000000       0.31244192007649052     
   63.000000000000000       0.30865931354469794     
   64.000000000000000       0.30490082837107557     
   65.000000000000000       0.30116806872712776     
   66.000000000000000       0.29746255917280318     
   67.000000000000000       0.29378574556930681     
   68.000000000000000       0.29013899612589905     
   69.000000000000000       0.28652360257038073     
   70.000000000000000       0.28294078143308193     
   71.000000000000000       0.27939167543433679     
   72.000000000000000       0.27587735496561144     
   73.000000000000000       0.27239881965470158     
   74.000000000000000       0.26895700000567097     
   75.000000000000000       0.26555275910450099     
   76.000000000000000       0.26218689438173964     
   77.000000000000000       0.25886013942377806     
   78.000000000000000       0.25557316582474049     
   79.000000000000000       0.25232658507134709     
   80.000000000000000       0.24912095045348850     
   81.000000000000000       0.24595675899365085     
   82.000000000000000       0.24283445338871312     
   83.000000000000000       0.23975442395805330     
   84.000000000000000       0.23671701059228833     
   85.000000000000000       0.23372250469737219     
   86.000000000000000       0.23077115112917215     
   87.000000000000000       0.22786315011402608     
   88.000000000000000       0.22499865915116088     
   89.000000000000000       0.22217779489322131     
   90.000000000000000       0.21940063500151785     
   91.000000000000000       0.21666721997293767     
   92.000000000000000       0.21397755493580542     
   93.000000000000000       0.21133161141228754     
   94.000000000000000       0.20872932904523853     
   95.000000000000000       0.20617061728767591     
   96.000000000000000       0.20365535705333640     
   97.000000000000000       0.20118340232702375     
   98.000000000000000       0.19875458173369276     
   99.000000000000000       0.19636870006544083     
   100.00000000000000       0.19402553976577697     
   101.00000000000000       0.19172486237073469     
   102.00000000000000       0.18946640990656496     
   103.00000000000000       0.18724990624390705     
   104.00000000000000       0.18507505840847774     
   105.00000000000000       0.18294155784845204     
   106.00000000000000       0.18084908165882307     
   107.00000000000000       0.17879729376313469     
   108.00000000000000       0.17678584605307240     
   109.00000000000000       0.17481437948647727     
   110.00000000000000       0.17288252514441735     
   111.00000000000000       0.17098990524801344     
   112.00000000000000       0.16913613413576239     
   113.00000000000000       0.16732081920214462     
   114.00000000000000       0.16554356179833785     
   115.00000000000000       0.16380395809588275     
   116.00000000000000       0.16210159991416881     
   117.00000000000000       0.16043607551262157     
   118.00000000000000       0.15880697034848132     
   119.00000000000000       0.15721386780107108     
   120.00000000000000       0.15565634986344626     
   121.00000000000000       0.15413399780232259     
   122.00000000000000       0.15264639278716791     
   123.00000000000000       0.15119311648933736     
   124.00000000000000       0.14977375165212239     
   125.00000000000000       0.14838788263256975     
   126.00000000000000       0.14703509591591660     
   127.00000000000000       0.14571498060347229     
   128.00000000000000       0.14442712887476425     
   129.00000000000000       0.14317113642475029     
   130.00000000000000       0.14194660287688543     
   131.00000000000000       0.14075313217281768     
   132.00000000000000       0.13959033293947196     
   133.00000000000000       0.13845781883426872     
   134.00000000000000       0.13735520886921082     
   135.00000000000000       0.13628212771456033     
   136.00000000000000       0.13523820598281411     
   137.00000000000000       0.13422308049367782     
   138.00000000000000       0.13323639452072797     
   139.00000000000000       0.13227779802044032     
   140.00000000000000       0.13134694784425788     
   141.00000000000000       0.13044350793436141     
   142.00000000000000       0.12956714950379855     
   143.00000000000000       0.12871755120162298     
   144.00000000000000       0.12789439926368770     
   145.00000000000000       0.12709738764972900     
   146.00000000000000       0.12632621816737757     
   147.00000000000000       0.12558060058372333     
   148.00000000000000       0.12486025272505683     
   149.00000000000000       0.12416490056540815     
   150.00000000000000       0.12349427830449422     
   151.00000000000000       0.12284812843568532     
   152.00000000000000       0.12222620180459230     
   153.00000000000000       0.12162825765887263     
   154.00000000000000       0.12105406368984543     
   155.00000000000000       0.12050339606650019     
   156.00000000000000       0.11997603946247462     
   157.00000000000000       0.11947178707657098     
   158.00000000000000       0.11899044064736768     
   159.00000000000000       0.11853181046247709     
   160.00000000000000       0.11809571536298619     
   161.00000000000000       0.11768198274360545     
   162.00000000000000       0.11729044854903924     
   163.00000000000000       0.11692095726707652     
   164.00000000000000       0.11657336191888425     
   165.00000000000000       0.11624752404697099     
   166.00000000000000       0.11594331370127056     
   167.00000000000000       0.11566060942377554     
   168.00000000000000       0.11539929823213356     
   169.00000000000000       0.11515927560259467     
   170.00000000000000       0.11494044545268173     
   171.00000000000000       0.11474272012392533     
   172.00000000000000       0.11456602036499010     
   173.00000000000000       0.11441027531548599     
   174.00000000000000       0.11427542249073865     
   175.00000000000000       0.11416140776776357     
   176.00000000000000       0.11406818537266228     
   177.00000000000000       0.11399571786963161     
   178.00000000000000       0.11394397615174809     
   179.00000000000000       0.11391293943366095     
   180.00000000000000       0.11390259524629834     
