   0.0000000000000000        1.1225980001915172     
   1.0000000000000000        1.1221723586848562     
   2.0000000000000000        1.1208969446975474     
   3.0000000000000000        1.1187762790965319     
   4.0000000000000000        1.1158178610074392     
   5.0000000000000000        1.1120321147457595     
   6.0000000000000000        1.1074323163343793     
   7.0000000000000000        1.1020345004067880     
   8.0000000000000000        1.0958573485031717     
   9.0000000000000000        1.0889220599596361     
   10.000000000000000        1.0812522067663060     
   11.000000000000000        1.0728735739255644     
   12.000000000000000        1.0638139869752685     
   13.000000000000000        1.0541031284517008     
   14.000000000000000        1.0437723451521750     
   15.000000000000000        1.0328544481167459     
   16.000000000000000        1.0213835072821502     
   17.000000000000000        1.0093946427690079     
   18.000000000000000       0.99692381474594560     
   19.000000000000000       0.98400761377275625     
   20.000000000000000       0.97068305346016592     
   21.000000000000000       0.95698736719802335     
   22.000000000000000       0.94295781059871076     
   23.000000000000000       0.92863147118049338     
   24.000000000000000       0.91404508667888229     
   25.000000000000000       0.89923487322538009     
   26.000000000000000       0.88423636447496012     
   27.000000000000000       0.86908426259897475     
   28.000000000000000       0.85381230189158264     
   29.000000000000000       0.83845312556793605     
   30.000000000000000       0.82303817616373787     
   31.000000000000000       0.80759759978077039     
   32.000000000000000       0.79216016426384439     
   33.000000000000000       0.77675319124322362     
   34.000000000000000       0.76140250183472824     
   35.000000000000000       0.74613237565888546     
   36.000000000000000       0.73096552272183146     
   37.000000000000000       0.71592306759514113     
   38.000000000000000       0.70102454523999880     
   39.000000000000000       0.68628790774349857     
   40.000000000000000       0.67172954117148209     
   41.000000000000000       0.65736429169310373     
   42.000000000000000       0.64320550009684774     
   43.000000000000000       0.62926504379553616     
   44.000000000000000       0.61555338540819182     
   45.000000000000000       0.60207962700863793     
   46.000000000000000       0.58885156914343117     
   47.000000000000000       0.57587577374409138     
   48.000000000000000       0.56315763008947439     
   49.000000000000000       0.55070142301240943     
   50.000000000000000       0.53851040258917848     
   51.000000000000000       0.52658685459995525     
   52.000000000000000       0.51493217110178791     
   53.000000000000000       0.50354692051205108     
   54.000000000000000       0.49243091665850636     
   55.000000000000000       0.48158328631124642     
   56.000000000000000       0.47100253477103654     
   57.000000000000000       0.46068660914711351     
   58.000000000000000       0.45063295901472672     
   59.000000000000000       0.44083859419797955     
   60.000000000000000       0.43130013947641677     
   61.000000000000000       0.42201388606386769     
   62.000000000000000       0.41297583975498042     
   63.000000000000000       0.40418176567844488     
   64.000000000000000       0.39562722963591274     
   65.000000000000000       0.38730763604197804     
   66.000000000000000       0.37921826251322904     
   67.000000000000000       0.37135429118332836     
   68.000000000000000       0.36371083684635053     
   69.000000000000000       0.35628297205229659     
   70.000000000000000       0.34906574929691775     
   71.000000000000000       0.34205422046284251     
   72.000000000000000       0.33524345368069358     
   73.000000000000000       0.32862854778754436     
   74.000000000000000       0.32220464456591541     
   75.000000000000000       0.31596693894973010     
   76.000000000000000       0.30991068738444655     
   77.000000000000000       0.30403121452717086     
   78.000000000000000       0.29832391846914791     
   79.000000000000000       0.29278427465784151     
   80.000000000000000       0.28740783868906811     
   81.000000000000000       0.28219024813154980     
   82.000000000000000       0.27712722353703800     
   83.000000000000000       0.27221456877900080     
   84.000000000000000       0.26744817085200695     
   85.000000000000000       0.26282399925254935     
   86.000000000000000       0.25833810505033411     
   87.000000000000000       0.25398661974717379     
   88.000000000000000       0.24976575400877032     
   89.000000000000000       0.24567179634296277     
   90.000000000000000       0.24170111178662360     
   91.000000000000000       0.23785014065241813     
   92.000000000000000       0.23411539737621520     
   93.000000000000000       0.23049346949613489     
   94.000000000000000       0.22698101678512977     
   95.000000000000000       0.22357477055066333     
   96.000000000000000       0.22027153310752712     
   97.000000000000000       0.21706817742314827     
   98.000000000000000       0.21396164692888830     
   99.000000000000000       0.21094895548583081     
   100.00000000000000       0.20802718748936808     
   101.00000000000000       0.20519349809352019     
   102.00000000000000       0.20244511353329442     
   103.00000000000000       0.19977933152149518     
   104.00000000000000       0.19719352169516610     
   105.00000000000000       0.19468512608622920     
   106.00000000000000       0.19225165959083315     
   107.00000000000000       0.18989071041237465     
   108.00000000000000       0.18759994045404169     
   109.00000000000000       0.18537708563801245     
   110.00000000000000       0.18321995613004952     
   111.00000000000000       0.18112643645011689     
   112.00000000000000       0.17909448545176704     
   113.00000000000000       0.17712213615533831     
   114.00000000000000       0.17520749542244288     
   115.00000000000000       0.17334874346175305     
   116.00000000000000       0.17154413315869319     
   117.00000000000000       0.16979198922425046     
   118.00000000000000       0.16809070716073599     
   119.00000000000000       0.16643875204488653     
   120.00000000000000       0.16483465713120460     
   121.00000000000000       0.16327702228083357     
   122.00000000000000       0.16176451222354915     
   123.00000000000000       0.16029585466258370     
   124.00000000000000       0.15886983823396714     
   125.00000000000000       0.15748531033383931     
   126.00000000000000       0.15614117482876008     
   127.00000000000000       0.15483638966537067     
   128.00000000000000       0.15356996439686046     
   129.00000000000000       0.15234095764452812     
   130.00000000000000       0.15114847451330146     
   131.00000000000000       0.14999166398039382     
   132.00000000000000       0.14886971627631065     
   133.00000000000000       0.14778186027720239     
   134.00000000000000       0.14672736092708605     
   135.00000000000000       0.14570551670773838     
   136.00000000000000       0.14471565717312809     
   137.00000000000000       0.14375714056411376     
   138.00000000000000       0.14282935151781914     
   139.00000000000000       0.14193169888463367     
   140.00000000000000       0.14106361366420811     
   141.00000000000000       0.14022454707014884     
   142.00000000000000       0.13941396873140124     
   143.00000000000000       0.13863136503657503     
   144.00000000000000       0.13787623762574280     
   145.00000000000000       0.13714810203256322     
   146.00000000000000       0.13644648647796692     
   147.00000000000000       0.13577093081512165     
   148.00000000000000       0.13512098562398858     
   149.00000000000000       0.13449621145249327     
   150.00000000000000       0.13389617820019400     
   151.00000000000000       0.13332046463932454     
   152.00000000000000       0.13276865806723068     
   153.00000000000000       0.13224035408350407     
   154.00000000000000       0.13173515648453304     
   155.00000000000000       0.13125267726773732     
   156.00000000000000       0.13079253673741154     
   157.00000000000000       0.13035436370386008     
   158.00000000000000       0.12993779576735279     
   159.00000000000000       0.12954247967834584     
   160.00000000000000       0.12916807176538647     
   161.00000000000000       0.12881423842213663     
   162.00000000000000       0.12848065664500194     
   163.00000000000000       0.12816701461292329     
   164.00000000000000       0.12787301230098377     
   165.00000000000000       0.12759836211958508     
   166.00000000000000       0.12734278957106229     
   167.00000000000000       0.12710603391574030     
   168.00000000000000       0.12688784883957416     
   169.00000000000000       0.12668800311568859     
   170.00000000000000       0.12650628125232150     
   171.00000000000000       0.12634248411991050     
   172.00000000000000       0.12619642955032792     
   173.00000000000000       0.12606795290159614     
   174.00000000000000       0.12595690758178596     
   175.00000000000000       0.12586316552623766     
   176.00000000000000       0.12578661762274096     
   177.00000000000000       0.12572717407986791     
   178.00000000000000       0.12568476473427267     
   179.00000000000000       0.12565933929344650     
   180.00000000000000       0.12565086751114235     
