   0.0000000000000000       0.45598173082001081     
   1.0000000000000000       0.45593559514879667     
   2.0000000000000000       0.45579723628862573     
   3.0000000000000000       0.45556679859489879     
   4.0000000000000000       0.45524452231030954     
   5.0000000000000000       0.45483074304171983     
   6.0000000000000000       0.45432589103046173     
   7.0000000000000000       0.45373049021872708     
   8.0000000000000000       0.45304515711542748     
   9.0000000000000000       0.45227059946564946     
   10.000000000000000       0.45140761472849611     
   11.000000000000000       0.45045708836880344     
   12.000000000000000       0.44941999196883792     
   13.000000000000000       0.44829738116670947     
   14.000000000000000       0.44709039342879475     
   15.000000000000000       0.44580024566401238     
   16.000000000000000       0.44442823168828477     
   17.000000000000000       0.44297571954796761     
   18.000000000000000       0.44144414871145682     
   19.000000000000000       0.43983502713852574     
   20.000000000000000       0.43814992823727833     
   21.000000000000000       0.43639048771886452     
   22.000000000000000       0.43455840036032589     
   23.000000000000000       0.43265541668611235     
   24.000000000000000       0.43068333957892863     
   25.000000000000000       0.42864402083064757     
   26.000000000000000       0.42653935764404211     
   27.000000000000000       0.42437128909607019     
   28.000000000000000       0.42214179257337842     
   29.000000000000000       0.41985288019056877     
   30.000000000000000       0.41750659520161487     
   31.000000000000000       0.41510500841461517     
   32.000000000000000       0.41265021461983087     
   33.000000000000000       0.41014432904067133     
   34.000000000000000       0.40758948381698307     
   35.000000000000000       0.40498782452964810     
   36.000000000000000       0.40234150677512914     
   37.000000000000000       0.39965269279817833     
   38.000000000000000       0.39692354819052428     
   39.000000000000000       0.39415623866288341     
   40.000000000000000       0.39135292689718049     
   41.000000000000000       0.38851576948538952     
   42.000000000000000       0.38564691396090028     
   43.000000000000000       0.38274849592781918     
   44.000000000000000       0.37982263629309965     
   45.000000000000000       0.37687143860588862     
   46.000000000000000       0.37389698650795195     
   47.000000000000000       0.37090134129854113     
   48.000000000000000       0.36788653961654505     
   49.000000000000000       0.36485459124227254     
   50.000000000000000       0.36180747702072130     
   51.000000000000000       0.35874714690770521     
   52.000000000000000       0.35567551813974307     
   53.000000000000000       0.35259447352816259     
   54.000000000000000       0.34950585987743221     
   55.000000000000000       0.34641148652732173     
   56.000000000000000       0.34331312401808411     
   57.000000000000000       0.34021250287748767     
   58.000000000000000       0.33711131252815490     
   59.000000000000000       0.33401120031334280     
   60.000000000000000       0.33091377063898231     
   61.000000000000000       0.32782058422950955     
   62.000000000000000       0.32473315749475457     
   63.000000000000000       0.32165296200491833     
   64.000000000000000       0.31858142407044776     
   65.000000000000000       0.31551992442342675     
   66.000000000000000       0.31246979799693791     
   67.000000000000000       0.30943233379869450     
   68.000000000000000       0.30640877487512702     
   69.000000000000000       0.30340031836200160     
   70.000000000000000       0.30040811561757158     
   71.000000000000000       0.29743327243419893     
   72.000000000000000       0.29447684932434759     
   73.000000000000000       0.29153986187682190     
   74.000000000000000       0.28862328117912728     
   75.000000000000000       0.28572803430183535     
   76.000000000000000       0.28285500484086945     
   77.000000000000000       0.28000503351366446     
   78.000000000000000       0.27717891880521628     
   79.000000000000000       0.27437741766009505     
   80.000000000000000       0.27160124621658871     
   81.000000000000000       0.26885108057922197     
   82.000000000000000       0.26612755762599627     
   83.000000000000000       0.26343127584680898     
   84.000000000000000       0.26076279620961390     
   85.000000000000000       0.25812264305101085     
   86.000000000000000       0.25551130498807634     
   87.000000000000000       0.25292923584836730     
   88.000000000000000       0.25037685561517237     
   89.000000000000000       0.24785455138520945     
   90.000000000000000       0.24536267833610684     
   91.000000000000000       0.24290156070114066     
   92.000000000000000       0.24047149274883631     
   93.000000000000000       0.23807273976517507     
   94.000000000000000       0.23570553903628438     
   95.000000000000000       0.23337010082961729     
   96.000000000000000       0.23106660937176116     
   97.000000000000000       0.22879522382113801     
   98.000000000000000       0.22655607923398827     
   99.000000000000000       0.22434928752214378     
   100.00000000000000       0.22217493840121874     
   101.00000000000000       0.22003310032795775     
   102.00000000000000       0.21792382142558714     
   103.00000000000000       0.21584713039612521     
   104.00000000000000       0.21380303741870199     
   105.00000000000000       0.21179153503303999     
   106.00000000000000       0.20981259900733271     
   107.00000000000000       0.20786618918985067     
   108.00000000000000       0.20595225034368408     
   109.00000000000000       0.20407071296410645     
   110.00000000000000       0.20222149407812207     
   111.00000000000000       0.20040449802582458     
   112.00000000000000       0.19861961722326160     
   113.00000000000000       0.19686673290655829     
   114.00000000000000       0.19514571585711313     
   115.00000000000000       0.19345642710772543     
   116.00000000000000       0.19179871862957149     
   117.00000000000000       0.19017243399998376     
   118.00000000000000       0.18857740905103365     
   119.00000000000000       0.18701347249895739     
   120.00000000000000       0.18548044655449747     
   121.00000000000000       0.18397814751426717     
   122.00000000000000       0.18250638633327504     
   123.00000000000000       0.18106496917877246     
   124.00000000000000       0.17965369796561412     
   125.00000000000000       0.17827237087334369     
   126.00000000000000       0.17692078284523527     
   127.00000000000000       0.17559872606954344     
   128.00000000000000       0.17430599044322967     
   129.00000000000000       0.17304236401844547     
   130.00000000000000       0.17180763343207298     
   131.00000000000000       0.17060158431862832     
   132.00000000000000       0.16942400170684857     
   133.00000000000000       0.16827467040029132     
   134.00000000000000       0.16715337534228417     
   135.00000000000000       0.16605990196556855     
   136.00000000000000       0.16499403652698919     
   137.00000000000000       0.16395556642758749     
   138.00000000000000       0.16294428051845700     
   139.00000000000000       0.16195996939272903     
   140.00000000000000       0.16100242566405618     
   141.00000000000000       0.16007144423196251     
   142.00000000000000       0.15916682253443631     
   143.00000000000000       0.15828836078813624     
   144.00000000000000       0.15743586221658723     
   145.00000000000000       0.15660913326673898     
   146.00000000000000       0.15580798381426270     
   147.00000000000000       0.15503222735795597     
   148.00000000000000       0.15428168120363026     
   149.00000000000000       0.15355616663784716     
   150.00000000000000       0.15285550909187123     
   151.00000000000000       0.15217953829620218     
   152.00000000000000       0.15152808842604454     
   153.00000000000000       0.15090099823807274     
   154.00000000000000       0.15029811119883843     
   155.00000000000000       0.14971927560516798     
   156.00000000000000       0.14916434469688833     
   157.00000000000000       0.14863317676221341     
   158.00000000000000       0.14812563523611907     
   159.00000000000000       0.14764158879202316     
   160.00000000000000       0.14718091142708317     
   161.00000000000000       0.14674348254141262     
   162.00000000000000       0.14632918701151068     
   163.00000000000000       0.14593791525818725     
   164.00000000000000       0.14556956330925930     
   165.00000000000000       0.14522403285728055     
   166.00000000000000       0.14490123131255603     
   167.00000000000000       0.14460107185168541     
   168.00000000000000       0.14432347346185992     
   169.00000000000000       0.14406836098113215     
   170.00000000000000       0.14383566513486171     
   171.00000000000000       0.14362532256852539     
   172.00000000000000       0.14343727587707164     
   173.00000000000000       0.14327147363097795     
   174.00000000000000       0.14312787039916250     
   175.00000000000000       0.14300642676888270     
   176.00000000000000       0.14290710936273721     
   177.00000000000000       0.14282989085287742     
   178.00000000000000       0.14277474997251458     
   179.00000000000000       0.14274167152479425     
   180.00000000000000       0.14273064638909547     
