   0.0000000000000000       0.59713048194105178     
   1.0000000000000000       0.59695187201793809     
   2.0000000000000000       0.59641649398420493     
   3.0000000000000000       0.59552570080336986     
   4.0000000000000000       0.59428173995406208     
   5.0000000000000000       0.59268774229896182     
   6.0000000000000000       0.59074770662025577     
   7.0000000000000000       0.58846647993905654     
   8.0000000000000000       0.58584973376771377     
   9.0000000000000000       0.58290393647385330     
   10.000000000000000       0.57963632196310189     
   11.000000000000000       0.57605485491340758     
   12.000000000000000       0.57216819281753195     
   13.000000000000000       0.56798564511131344     
   14.000000000000000       0.56351712968361412     
   15.000000000000000       0.55877312707922844     
   16.000000000000000       0.55376463271840048     
   17.000000000000000       0.54850310746583475     
   18.000000000000000       0.54300042688820627     
   19.000000000000000       0.53726882954213750     
   20.000000000000000       0.53132086463445616     
   21.000000000000000       0.52516933939338473     
   22.000000000000000       0.51882726648317146     
   23.000000000000000       0.51230781178577245     
   24.000000000000000       0.50562424286164354     
   25.000000000000000       0.49878987838769667     
   26.000000000000000       0.49181803885427638     
   27.000000000000000       0.48472199878478539     
   28.000000000000000       0.47751494072164413     
   29.000000000000000       0.47020991120082889     
   30.000000000000000       0.46281977891459125     
   31.000000000000000       0.45535719523838181     
   32.000000000000000       0.44783455727376231     
   33.000000000000000       0.44026397353445818     
   34.000000000000000       0.43265723237796588     
   35.000000000000000       0.42502577326051144     
   36.000000000000000       0.41738066086892850     
   37.000000000000000       0.40973256215940507     
   38.000000000000000       0.40209172631024725     
   39.000000000000000       0.39446796757401936     
   40.000000000000000       0.38687065099382334     
   41.000000000000000       0.37930868092919889     
   42.000000000000000       0.37179049231932965     
   43.000000000000000       0.36432404459496948     
   44.000000000000000       0.35691681813591097     
   45.000000000000000       0.34957581315788133     
   46.000000000000000       0.34230755090156995     
   47.000000000000000       0.33511807698703455     
   48.000000000000000       0.32801296678900560     
   49.000000000000000       0.32099733268258229     
   50.000000000000000       0.31407583300443659     
   51.000000000000000       0.30725268257185895     
   52.000000000000000       0.30053166460070729     
   53.000000000000000       0.29391614386347076     
   54.000000000000000       0.28740908093015127     
   55.000000000000000       0.28101304733735333     
   56.000000000000000       0.27473024153479758     
   57.000000000000000       0.26856250546326677     
   58.000000000000000       0.26251134162367201     
   59.000000000000000       0.25657793050335970     
   60.000000000000000       0.25076314823284079     
   61.000000000000000       0.24506758435371534     
   62.000000000000000       0.23949155958655560     
   63.000000000000000       0.23403514349580726     
   64.000000000000000       0.22869817195726241     
   65.000000000000000       0.22348026434225576     
   66.000000000000000       0.21838084034134830     
   67.000000000000000       0.21339913635881613     
   68.000000000000000       0.20853422141767336     
   69.000000000000000       0.20378501252317244     
   70.000000000000000       0.19915028944068067     
   71.000000000000000       0.19462870885148131     
   72.000000000000000       0.19021881785734984     
   73.000000000000000       0.18591906681167908     
   74.000000000000000       0.18172782146143732     
   75.000000000000000       0.17764337439033534     
   76.000000000000000       0.17366395575921689     
   77.000000000000000       0.16978774334488461     
   78.000000000000000       0.16601287188330954     
   79.000000000000000       0.16233744172745901     
   80.000000000000000       0.15875952683381508     
   81.000000000000000       0.15527718209504993     
   82.000000000000000       0.15188845003929075     
   83.000000000000000       0.14859136691896407     
   84.000000000000000       0.14538396821435290     
   85.000000000000000       0.14226429357878012     
   86.000000000000000       0.13923039125373418     
   87.000000000000000       0.13628032198332402     
   88.000000000000000       0.13341216245819593     
   89.000000000000000       0.13062400831949417     
   90.000000000000000       0.12791397675361660     
   91.000000000000000       0.12528020870843817     
   92.000000000000000       0.12272087076135825     
   93.000000000000000       0.12023415666900526     
   94.000000000000000       0.11781828862772219     
   95.000000000000000       0.11547151827307879     
   96.000000000000000       0.11319212744563713     
   97.000000000000000       0.11097842874904862     
   98.000000000000000       0.10882876592531604     
   99.000000000000000       0.10674151407071417     
   100.00000000000000       0.10471507971446664     
   101.00000000000000       0.10274790078082303     
   102.00000000000000       0.10083844645369666     
   103.00000000000000        9.8985216961525763E-002
   104.00000000000000        9.7186743298513914E-002
   105.00000000000000        9.5441586896913039E-002
   106.00000000000000        9.3748339263541439E-002
   107.00000000000000        9.2105621592289730E-002
   108.00000000000000        9.0512084362974032E-002
   109.00000000000000        8.8966406935547943E-002
   110.00000000000000        8.7467297147403519E-002
   111.00000000000000        8.6013490920264946E-002
   112.00000000000000        8.4603751882030800E-002
   113.00000000000000        8.3236871007838803E-002
   114.00000000000000        8.1911666283624632E-002
   115.00000000000000        8.0626982394519917E-002
   116.00000000000000        7.9381690439587427E-002
   117.00000000000000        7.8174687673619569E-002
   118.00000000000000        7.7004897276035669E-002
   119.00000000000000        7.5871268146293969E-002
   120.00000000000000        7.4772774724691529E-002
   121.00000000000000        7.3708416836951243E-002
   122.00000000000000        7.2677219560589992E-002
   123.00000000000000        7.1678233110720552E-002
   124.00000000000000        7.0710532742661383E-002
   125.00000000000000        6.9773218668503667E-002
   126.00000000000000        6.8865415984619802E-002
   127.00000000000000        6.7986274606976344E-002
   128.00000000000000        6.7134969211046544E-002
   129.00000000000000        6.6310699173086129E-002
   130.00000000000000        6.5512688509551928E-002
   131.00000000000000        6.4740185811490172E-002
   132.00000000000000        6.3992464170804286E-002
   133.00000000000000        6.3268821095428723E-002
   134.00000000000000        6.2568578410575795E-002
   135.00000000000000        6.1891082143393270E-002
   136.00000000000000        6.1235702388562595E-002
   137.00000000000000        6.0601833152580400E-002
   138.00000000000000        5.9988892174700457E-002
   139.00000000000000        5.9396320722759979E-002
   140.00000000000000        5.8823583362380229E-002
   141.00000000000000        5.8270167698304620E-002
   142.00000000000000        5.7735584086924460E-002
   143.00000000000000        5.7219365319333929E-002
   144.00000000000000        5.6721066274553755E-002
   145.00000000000000        5.6240263542862025E-002
   146.00000000000000        5.5776555019471513E-002
   147.00000000000000        5.5329559469087464E-002
   148.00000000000000        5.4898916062172856E-002
   149.00000000000000        5.4484283884030447E-002
   150.00000000000000        5.4085341418083688E-002
   151.00000000000000        5.3701786004999030E-002
   152.00000000000000        5.3333333279535100E-002
   153.00000000000000        5.2979716587233182E-002
   154.00000000000000        5.2640686383268916E-002
   155.00000000000000        5.2316009615973061E-002
   156.00000000000000        5.2005469097690861E-002
   157.00000000000000        5.1708862865791232E-002
   158.00000000000000        5.1426003536750836E-002
   159.00000000000000        5.1156717656326609E-002
   160.00000000000000        5.0900845048897192E-002
   161.00000000000000        5.0658238169089154E-002
   162.00000000000000        5.0428761458819915E-002
   163.00000000000000        5.0212290712877181E-002
   164.00000000000000        5.0008712456121526E-002
   165.00000000000000        4.9817923335342656E-002
   166.00000000000000        4.9639829528723430E-002
   167.00000000000000        4.9474346175770900E-002
   168.00000000000000        4.9321396830460364E-002
   169.00000000000000        4.9180912940211693E-002
   170.00000000000000        4.9052833353175319E-002
   171.00000000000000        4.8937103856153089E-002
   172.00000000000000        4.8833676745316551E-002
   173.00000000000000        4.8742510431714126E-002
   174.00000000000000        4.8663569083382027E-002
   175.00000000000000        4.8596822305691727E-002
   176.00000000000000        4.8542244861378835E-002
   177.00000000000000        4.8499816431511217E-002
   178.00000000000000        4.8469521418461559E-002
   179.00000000000000        4.8451348791757581E-002
   180.00000000000000        4.8445291977489001E-002
