   0.0000000000000000        5.4864818533290558     
   1.0000000000000000        5.4864364473712426     
   2.0000000000000000        5.4863002545979169     
   3.0000000000000000        5.4860733502818384     
   4.0000000000000000        5.4857558597856775     
   5.0000000000000000        5.4853479584243257     
   6.0000000000000000        5.4848498712725009     
   7.0000000000000000        5.4842618729180721     
   8.0000000000000000        5.4835842871615341     
   9.0000000000000000        5.4828174866623387     
   10.000000000000000        5.4819618925326550     
   11.000000000000000        5.4810179738794833     
   12.000000000000000        5.4799862472959688     
   13.000000000000000        5.4788672763029487     
   14.000000000000000        5.4776616707418153     
   15.000000000000000        5.4763700861199034     
   16.000000000000000        5.4749932229096707     
   17.000000000000000        5.4735318258030610     
   18.000000000000000        5.4719866829224308     
   19.000000000000000        5.4703586249896547     
   20.000000000000000        5.4686485244548964     
   21.000000000000000        5.4668572945867648     
   22.000000000000000        5.4649858885255851     
   23.000000000000000        5.4630352983014721     
   24.000000000000000        5.4610065538191401     
   25.000000000000000        5.4589007218112346     
   26.000000000000000        5.4567189047621438     
   27.000000000000000        5.4544622398042346     
   28.000000000000000        5.4521318975884512     
   29.000000000000000        5.4497290811313359     
   30.000000000000000        5.4472550246404623     
   31.000000000000000        5.4447109923203056     
   32.000000000000000        5.4420982771606452     
   33.000000000000000        5.4394181997094844     
   34.000000000000000        5.4366721068325914     
   35.000000000000000        5.4338613704616714     
   36.000000000000000        5.4309873863332241     
   37.000000000000000        5.4280515727200731     
   38.000000000000000        5.4250553691575956     
   39.000000000000000        5.4220002351665793     
   40.000000000000000        5.4188876489747129     
   41.000000000000000        5.4157191062385257     
   42.000000000000000        5.4124961187677423     
   43.000000000000000        5.4092202132537839     
   44.000000000000000        5.4058929300043035     
   45.000000000000000        5.4025158216853866     
   46.000000000000000        5.3990904520731640     
   47.000000000000000        5.3956183948164673     
   48.000000000000000        5.3921012322120392     
   49.000000000000000        5.3885405539939066     
   50.000000000000000        5.3849379561382724     
   51.000000000000000        5.3812950396853854     
   52.000000000000000        5.3776134095796584     
   53.000000000000000        5.3738946735293505     
   54.000000000000000        5.3701404408869431     
   55.000000000000000        5.3663523215513784     
   56.000000000000000        5.3625319248931582     
   57.000000000000000        5.3586808587033623     
   58.000000000000000        5.3548007281674286     
   59.000000000000000        5.3508931348645570     
   60.000000000000000        5.3469596757935252     
   61.000000000000000        5.3430019424255999     
   62.000000000000000        5.3390215197851836     
   63.000000000000000        5.3350199855587670     
   64.000000000000000        5.3309989092326342     
   65.000000000000000        5.3269598512598542     
   66.000000000000000        5.3229043622567955     
   67.000000000000000        5.3188339822295534     
   68.000000000000000        5.3147502398305049     
   69.000000000000000        5.3106546516451241     
   70.000000000000000        5.3065487215092428     
   71.000000000000000        5.3024339398567655     
   72.000000000000000        5.2983117830978399     
   73.000000000000000        5.2941837130274614     
   74.000000000000000        5.2900511762643871     
   75.000000000000000        5.2859156037201958     
   76.000000000000000        5.2817784100983136     
   77.000000000000000        5.2776409934227626     
   78.000000000000000        5.2735047345962913     
   79.000000000000000        5.2693709969876235     
   80.000000000000000        5.2652411260474210     
   81.000000000000000        5.2611164489525457     
   82.000000000000000        5.2569982742781836     
   83.000000000000000        5.2528878916973953     
   84.000000000000000        5.2487865717075328     
   85.000000000000000        5.2446955653830356     
   86.000000000000000        5.2406161041540154     
   87.000000000000000        5.2365493996101060     
   88.000000000000000        5.2324966433289024     
   89.000000000000000        5.2284590067284507     
   90.000000000000000        5.2244376409430924     
   91.000000000000000        5.2204336767220312     
   92.000000000000000        5.2164482243500014     
   93.000000000000000        5.2124823735892729     
   94.000000000000000        5.2085371936424050     
   95.000000000000000        5.2046137331350169     
   96.000000000000000        5.2007130201178233     
   97.000000000000000        5.1968360620873737     
   98.000000000000000        5.1929838460246280     
   99.000000000000000        5.1891573384507881     
   100.00000000000000        5.1853574854996181     
   101.00000000000000        5.1815852130055502     
   102.00000000000000        5.1778414266069142     
   103.00000000000000        5.1741270118635638     
   104.00000000000000        5.1704428343881865     
   105.00000000000000        5.1667897399906693     
   106.00000000000000        5.1631685548347814     
   107.00000000000000        5.1595800856065441     
   108.00000000000000        5.1560251196936013     
   109.00000000000000        5.1525044253749410     
   110.00000000000000        5.1490187520203294     
   111.00000000000000        5.1455688302988278     
   112.00000000000000        5.1421553723957638     
   113.00000000000000        5.1387790722375302     
   114.00000000000000        5.1354406057236712     
   115.00000000000000        5.1321406309655888     
   116.00000000000000        5.1288797885313757     
   117.00000000000000        5.1256587016961594     
   118.00000000000000        5.1224779766974624     
   119.00000000000000        5.1193382029949905     
   120.00000000000000        5.1162399535343992     
   121.00000000000000        5.1131837850144688     
   122.00000000000000        5.1101702381572629     
   123.00000000000000        5.1071998379807484     
   124.00000000000000        5.1042730940734389     
   125.00000000000000        5.1013905008706377     
   126.00000000000000        5.0985525379317993     
   127.00000000000000        5.0957596702186416     
   128.00000000000000        5.0930123483735859     
   129.00000000000000        5.0903110089981434     
   130.00000000000000        5.0876560749308721     
   131.00000000000000        5.0850479555245398     
   132.00000000000000        5.0824870469221661     
   133.00000000000000        5.0799737323315979     
   134.00000000000000        5.0775083822983058     
   135.00000000000000        5.0750913549760615     
   136.00000000000000        5.0727229963952922     
   137.00000000000000        5.0704036407287276     
   138.00000000000000        5.0681336105541401     
   139.00000000000000        5.0659132171138896     
   140.00000000000000        5.0637427605710608     
   141.00000000000000        5.0616225302619409     
   142.00000000000000        5.0595528049445768     
   143.00000000000000        5.0575338530433198     
   144.00000000000000        5.0555659328889977     
   145.00000000000000        5.0536492929546908     
   146.00000000000000        5.0517841720867773     
   147.00000000000000        5.0499707997312075     
   148.00000000000000        5.0482093961547712     
   149.00000000000000        5.0465001726612364     
   150.00000000000000        5.0448433318021877     
   151.00000000000000        5.0432390675824941     
   152.00000000000000        5.0416875656601894     
   153.00000000000000        5.0401890035407382     
   154.00000000000000        5.0387435507655143     
   155.00000000000000        5.0373513690944041     
   156.00000000000000        5.0360126126824669     
   157.00000000000000        5.0347274282505090     
   158.00000000000000        5.0334959552495331     
   159.00000000000000        5.0323183260189728     
   160.00000000000000        5.0311946659386182     
   161.00000000000000        5.0301250935741928     
   162.00000000000000        5.0291097208165150     
   163.00000000000000        5.0281486530141759     
   164.00000000000000        5.0272419890996654     
   165.00000000000000        5.0263898217089631     
   166.00000000000000        5.0255922372944566     
   167.00000000000000        5.0248493162312498     
   168.00000000000000        5.0241611329166966     
   169.00000000000000        5.0235277558632756     
   170.00000000000000        5.0229492477846458     
   171.00000000000000        5.0224256656749331     
   172.00000000000000        5.0219570608811992     
   173.00000000000000        5.0215434791690576     
   174.00000000000000        5.0211849607814427     
   175.00000000000000        5.0208815404905103     
   176.00000000000000        5.0206332476426150     
   177.00000000000000        5.0204401061964328     
   178.00000000000000        5.0203021347541288     
   179.00000000000000        5.0202193465856313     
   180.00000000000000        5.0201917496459609     
