   0.0000000000000000        1.3505437703875460     
   1.0000000000000000        1.3503271086813815     
   2.0000000000000000        1.3496775489771347     
   3.0000000000000000        1.3485963657784314     
   4.0000000000000000        1.3470856774722886     
   5.0000000000000000        1.3451484376900822     
   6.0000000000000000        1.3427884232915770     
   7.0000000000000000        1.3400102190498224     
   8.0000000000000000        1.3368191991357581     
   9.0000000000000000        1.3332215055215060     
   10.000000000000000        1.3292240234403920     
   11.000000000000000        1.3248343540596275     
   12.000000000000000        1.3200607845379926     
   13.000000000000000        1.3149122556558945     
   14.000000000000000        1.3093983272184797     
   15.000000000000000        1.3035291414440864     
   16.000000000000000        1.2973153845601595     
   17.000000000000000        1.2907682468366810     
   18.000000000000000        1.2838993812931969     
   19.000000000000000        1.2767208613196741     
   20.000000000000000        1.2692451374535769     
   21.000000000000000        1.2614849935558581     
   22.000000000000000        1.2534535026269977     
   23.000000000000000        1.2451639825008110     
   24.000000000000000        1.2366299516486592     
   25.000000000000000        1.2278650853199327     
   26.000000000000000        1.2188831722363587     
   27.000000000000000        1.2096980720480142     
   28.000000000000000        1.2003236737478664     
   29.000000000000000        1.1907738552295244     
   30.000000000000000        1.1810624441597097     
   31.000000000000000        1.1712031803229028     
   32.000000000000000        1.1612096795808793     
   33.000000000000000        1.1510953995745679     
   34.000000000000000        1.1408736072799346     
   35.000000000000000        1.1305573485137024     
   36.000000000000000        1.1201594194686242     
   37.000000000000000        1.1096923403421073     
   38.000000000000000        1.0991683311061218     
   39.000000000000000        1.0885992894508980     
   40.000000000000000        1.0779967709198413     
   41.000000000000000        1.0673719712386027     
   42.000000000000000        1.0567357108274127     
   43.000000000000000        1.0460984214726379     
   44.000000000000000        1.0354701351212636     
   45.000000000000000        1.0248604747505647     
   46.000000000000000        1.0142786472547358     
   47.000000000000000        1.0037334382807614     
   48.000000000000000       0.99323320893728106     
   49.000000000000000       0.98278589429270935     
   50.000000000000000       0.97239900357242526     
   51.000000000000000       0.96207962195938845     
   52.000000000000000       0.95183441389811474     
   53.000000000000000       0.94166962779850982     
   54.000000000000000       0.93159110203355322     
   55.000000000000000       0.92160427212328178     
   56.000000000000000       0.91171417899681539     
   57.000000000000000       0.90192547822431657     
   58.000000000000000       0.89224245011166514     
   59.000000000000000       0.88266901055227576     
   60.000000000000000       0.87320872253274551     
   61.000000000000000       0.86386480819189082     
   62.000000000000000       0.85464016133614240     
   63.000000000000000       0.84553736031811011     
   64.000000000000000       0.83655868118941301     
   65.000000000000000       0.82770611104345659     
   66.000000000000000       0.81898136146873246     
   67.000000000000000       0.81038588203830697     
   68.000000000000000       0.80192087376642585     
   69.000000000000000       0.79358730246854625     
   70.000000000000000       0.78538591196651408     
   71.000000000000000       0.77731723708606348     
   72.000000000000000       0.76938161639921077     
   73.000000000000000       0.76157920466944917     
   74.000000000000000       0.75390998496288186     
   75.000000000000000       0.74637378039349889     
   76.000000000000000       0.73897026547572942     
   77.000000000000000       0.73169897706210718     
   78.000000000000000       0.72455932484837837     
   79.000000000000000       0.71755060143266103     
   80.000000000000000       0.71067199191925701     
   81.000000000000000       0.70392258306146904     
   82.000000000000000       0.69730137194126762     
   83.000000000000000       0.69080727418683363     
   84.000000000000000       0.68443913173193582     
   85.000000000000000       0.67819572012374540     
   86.000000000000000       0.67207575538804243     
   87.000000000000000       0.66607790046286763     
   88.000000000000000       0.66020077121349086     
   89.000000000000000       0.65444294204311648     
   90.000000000000000       0.64880295111506658     
   91.000000000000000       0.64327930520323173     
   92.000000000000000       0.63787048418842129     
   93.000000000000000       0.63257494521884960     
   94.000000000000000       0.62739112655341345     
   95.000000000000000       0.62231745110662251     
   96.000000000000000       0.61735232971409204     
   97.000000000000000       0.61249416413737545     
   98.000000000000000       0.60774134982665895     
   99.000000000000000       0.60309227845941793     
   100.00000000000000       0.59854534027263695     
   101.00000000000000       0.59409892620555449     
   102.00000000000000       0.58975142986919482     
   103.00000000000000       0.58550124935816394     
   104.00000000000000       0.58134678891933744     
   105.00000000000000       0.57728646049118559     
   106.00000000000000       0.57331868512655337     
   107.00000000000000       0.56944189431075976     
   108.00000000000000       0.56565453118593889     
   109.00000000000000       0.56195505169156579     
   110.00000000000000       0.55834192563017448     
   111.00000000000000       0.55481363766634140     
   112.00000000000000       0.55136868826608476     
   113.00000000000000       0.54800559458297227     
   114.00000000000000       0.54472289129637530     
   115.00000000000000       0.54151913140651975     
   116.00000000000000       0.53839288699022636     
   117.00000000000000       0.53534274992054065     
   118.00000000000000       0.53236733255279944     
   119.00000000000000       0.52946526837909225     
   120.00000000000000       0.52663521265253321     
   121.00000000000000       0.52387584298229328     
   122.00000000000000       0.52118585989989608     
   123.00000000000000       0.51856398739693244     
   124.00000000000000       0.51600897343402341     
   125.00000000000000       0.51351959042060480     
   126.00000000000000       0.51109463566488955     
   127.00000000000000       0.50873293179321522     
   128.00000000000000       0.50643332713784905     
   129.00000000000000       0.50419469609227097     
   130.00000000000000       0.50201593943290823     
   131.00000000000000       0.49989598460630308     
   132.00000000000000       0.49783378598074296     
   133.00000000000000       0.49582832506143754     
   134.00000000000000       0.49387861066843913     
   135.00000000000000       0.49198367907661528     
   136.00000000000000       0.49014259411712641     
   137.00000000000000       0.48835444724002697     
   138.00000000000000       0.48661835753778127     
   139.00000000000000       0.48493347172966345     
   140.00000000000000       0.48329896410722778     
   141.00000000000000       0.48171403644121003     
   142.00000000000000       0.48017791785045372     
   143.00000000000000       0.47868986463363306     
   144.00000000000000       0.47724916006477358     
   145.00000000000000       0.47585511415375120     
   146.00000000000000       0.47450706337315701     
   147.00000000000000       0.47320437035309237     
   148.00000000000000       0.47194642354564292     
   149.00000000000000       0.47073263686093442     
   150.00000000000000       0.46956244927683627     
   151.00000000000000       0.46843532442450525     
   152.00000000000000       0.46735075015209332     
   153.00000000000000       0.46630823806904520     
   154.00000000000000       0.46530732307350575     
   155.00000000000000       0.46434756286542545     
   156.00000000000000       0.46342853744801632     
   157.00000000000000       0.46254984862024467     
   158.00000000000000       0.46171111946307003     
   159.00000000000000       0.46091199382215392     
   160.00000000000000       0.46015213578973824     
   161.00000000000000       0.45943122918838081     
   162.00000000000000       0.45874897705919077     
   163.00000000000000       0.45810510115714559     
   164.00000000000000       0.45749934145602339     
   165.00000000000000       0.45693145566537952     
   166.00000000000000       0.45640121876193041     
   167.00000000000000       0.45590842253759489     
   168.00000000000000       0.45545287516633953     
   169.00000000000000       0.45503440079185287     
   170.00000000000000       0.45465283913796839     
   171.00000000000000       0.45430804514360057     
   172.00000000000000       0.45399988862385754     
   173.00000000000000       0.45372825395882871     
   174.00000000000000       0.45349303981143035     
   175.00000000000000       0.45329415887553609     
   176.00000000000000       0.45313153765548153     
   177.00000000000000       0.45300511627789170     
   178.00000000000000       0.45291484833662793     
   179.00000000000000       0.45286070077151119     
   180.00000000000000       0.45284265378133204     
