   0.0000000000000000        1.1077239473922726     
   1.0000000000000000        1.1073388952577561     
   2.0000000000000000        1.1061848628306050     
   3.0000000000000000        1.1042652160623856     
   4.0000000000000000        1.1015855449928575     
   5.0000000000000000        1.0981536340909599     
   6.0000000000000000        1.0939794210510942     
   7.0000000000000000        1.0890749443598020     
   8.0000000000000000        1.0834542800326068     
   9.0000000000000000        1.0771334680015325     
   10.000000000000000        1.0701304287097952     
   11.000000000000000        1.0624648705407791     
   12.000000000000000        1.0541581887728499     
   13.000000000000000        1.0452333568093912     
   14.000000000000000        1.0357148104840364     
   15.000000000000000        1.0256283262840471     
   16.000000000000000        1.0150008943698317     
   17.000000000000000        1.0038605872954092     
   18.000000000000000       0.99223642535307455     
   19.000000000000000       0.98015823947558334     
   20.000000000000000       0.96765653263078133     
   21.000000000000000       0.95476234063702214     
   22.000000000000000       0.94150709331301907     
   23.000000000000000       0.92792247685333340     
   24.000000000000000       0.91404029829091760     
   25.000000000000000       0.89989235287134772     
   26.000000000000000       0.88551029512025359     
   27.000000000000000       0.87092551433644960     
   28.000000000000000       0.85616901518907351     
   29.000000000000000       0.84127130403833061     
   30.000000000000000       0.82626228153688963     
   31.000000000000000       0.81117114200332563     
   32.000000000000000       0.79602627999106390     
   33.000000000000000       0.78085520440666611     
   34.000000000000000       0.76568446046092242     
   35.000000000000000       0.75053955966568575     
   36.000000000000000       0.73544491801948253     
   37.000000000000000       0.72042380245633753     
   38.000000000000000       0.70549828556558714     
   39.000000000000000       0.69068920852636040     
   40.000000000000000       0.67601615213940369     
   41.000000000000000       0.66149741578155397     
   42.000000000000000       0.64715000405481471     
   43.000000000000000       0.63298962085309929     
   44.000000000000000       0.61903067052552097     
   45.000000000000000       0.60528626577594213     
   46.000000000000000       0.59176824190446708     
   47.000000000000000       0.57848717696781260     
   48.000000000000000       0.56545241741206154     
   49.000000000000000       0.55267210871317296     
   50.000000000000000       0.54015323054768727     
   51.000000000000000       0.52790163600823437     
   52.000000000000000       0.51592209437548464     
   53.000000000000000       0.50421833695986840     
   54.000000000000000       0.49279310553244182     
   55.000000000000000       0.48164820287436455     
   56.000000000000000       0.47078454498824107     
   57.000000000000000       0.46020221453167343     
   58.000000000000000       0.44990051505340900     
   59.000000000000000       0.43987802563498907     
   60.000000000000000       0.43013265556546010     
   61.000000000000000       0.42066169870304077     
   62.000000000000000       0.41146188720524945     
   63.000000000000000       0.40252944433750115     
   64.000000000000000       0.39386013609919013     
   65.000000000000000       0.38544932143542437     
   66.000000000000000       0.37729200083153042     
   67.000000000000000       0.36938286311589957     
   68.000000000000000       0.36171633032441480     
   69.000000000000000       0.35428660050632538     
   70.000000000000000       0.34708768837682452     
   71.000000000000000       0.34011346374553664     
   72.000000000000000       0.33335768767250384     
   73.000000000000000       0.32681404632394734     
   74.000000000000000       0.32047618251901211     
   75.000000000000000       0.31433772497580925     
   76.000000000000000       0.30839231528035871     
   77.000000000000000       0.30263363261550186     
   78.000000000000000       0.29705541629853777     
   79.000000000000000       0.29165148618631070     
   80.000000000000000       0.28641576101480387     
   81.000000000000000       0.28134227474708001     
   82.000000000000000       0.27642519100877488     
   83.000000000000000       0.27165881569438843     
   84.000000000000000       0.26703760783049041     
   85.000000000000000       0.26255618878376841     
   86.000000000000000       0.25820934990275252     
   87.000000000000000       0.25399205868215768     
   88.000000000000000       0.24989946353825257     
   89.000000000000000       0.24592689728258413     
   90.000000000000000       0.24206987937988908     
   91.000000000000000       0.23832411707421505     
   92.000000000000000       0.23468550546523134     
   93.000000000000000       0.23115012661453152     
   94.000000000000000       0.22771424775947099     
   95.000000000000000       0.22437431870981425     
   96.000000000000000       0.22112696850020974     
   97.000000000000000       0.21796900136932318     
   98.000000000000000       0.21489739213433812     
   99.000000000000000       0.21190928102749876     
   100.00000000000000       0.20900196805942070     
   101.00000000000000       0.20617290697201252     
   102.00000000000000       0.20341969884203764     
   103.00000000000000       0.20074008539455029     
   104.00000000000000       0.19813194208366938     
   105.00000000000000       0.19559327099635049     
   106.00000000000000       0.19312219363296854     
   107.00000000000000       0.19071694361659317     
   108.00000000000000       0.18837585938080026     
   109.00000000000000       0.18609737688369082     
   110.00000000000000       0.18388002239345924     
   111.00000000000000       0.18172240538835299     
   112.00000000000000       0.17962321161118469     
   113.00000000000000       0.17758119631568273     
   114.00000000000000       0.17559517773891409     
   115.00000000000000       0.17366403083077034     
   116.00000000000000       0.17178668126811591     
   117.00000000000000       0.16996209977764570     
   118.00000000000000       0.16818929678784328     
   119.00000000000000       0.16646731742668155     
   120.00000000000000       0.16479523687791181     
   121.00000000000000       0.16317215610497765     
   122.00000000000000       0.16159719794781713     
   123.00000000000000       0.16006950359410924     
   124.00000000000000       0.15858822942294581     
   125.00000000000000       0.15715254421548214     
   126.00000000000000       0.15576162672390950     
   127.00000000000000       0.15441466358711847     
   128.00000000000000       0.15311084757872923     
   129.00000000000000       0.15184937617078453     
   130.00000000000000       0.15062945039435743     
   131.00000000000000       0.14945027397663505     
   132.00000000000000       0.14831105273273087     
   133.00000000000000       0.14721099418953557     
   134.00000000000000       0.14614930741836493     
   135.00000000000000       0.14512520305298035     
   136.00000000000000       0.14413789346973485     
   137.00000000000000       0.14318659310712226     
   138.00000000000000       0.14227051890284426     
   139.00000000000000       0.14138889082763445     
   140.00000000000000       0.14054093249646049     
   141.00000000000000       0.13972587183930943     
   142.00000000000000       0.13894294181552938     
   143.00000000000000       0.13819138115758223     
   144.00000000000000       0.13747043513203736     
   145.00000000000000       0.13677935630763774     
   146.00000000000000       0.13611740532226957     
   147.00000000000000       0.13548385164261154     
   148.00000000000000       0.13487797431209517     
   149.00000000000000       0.13429906268453481     
   150.00000000000000       0.13374641714235003     
   151.00000000000000       0.13321934979968428     
   152.00000000000000       0.13271718519189035     
   153.00000000000000       0.13223926095379232     
   154.00000000000000       0.13178492848984125     
   155.00000000000000       0.13135355363974030     
   156.00000000000000       0.13094451734333729     
   157.00000000000000       0.13055721630857320     
   158.00000000000000       0.13019106368604044     
   159.00000000000000       0.12984548975327440     
   160.00000000000000       0.12951994261128755     
   161.00000000000000       0.12921388889509192     
   162.00000000000000       0.12892681449906618     
   163.00000000000000       0.12865822531704563     
   164.00000000000000       0.12840764799597787     
   165.00000000000000       0.12817463070092855     
   166.00000000000000       0.12795874388817255     
   167.00000000000000       0.12775958108210730     
   168.00000000000000       0.12757675965079376     
   169.00000000000000       0.12740992157411346     
   170.00000000000000       0.12725873419783465     
   171.00000000000000       0.12712289096634108     
   172.00000000000000       0.12700211212640675     
   173.00000000000000       0.12689614539420624     
   174.00000000000000       0.12680476657775000     
   175.00000000000000       0.12672778014711980     
   176.00000000000000       0.12666501974525465     
   177.00000000000000       0.12661634863259161     
   178.00000000000000       0.12658166005958485     
   179.00000000000000       0.12656087756199558     
   180.00000000000000       0.12655395517484216     
