   0.0000000000000000       0.39915315169222543     
   1.0000000000000000       0.39913398059944671     
   2.0000000000000000       0.39907647960622200     
   3.0000000000000000       0.39898068555211924     
   4.0000000000000000       0.39884665978388806     
   5.0000000000000000       0.39867448807679223     
   6.0000000000000000       0.39846428052471566     
   7.0000000000000000       0.39821617139929499     
   8.0000000000000000       0.39793031897838543     
   9.0000000000000000       0.39760690534424381     
   10.000000000000000       0.39724613615187537     
   11.000000000000000       0.39684824036805666     
   12.000000000000000       0.39641346998160715     
   13.000000000000000       0.39594209968554733     
   14.000000000000000       0.39543442653183791     
   15.000000000000000       0.39489076955945224     
   16.000000000000000       0.39431146939658490     
   17.000000000000000       0.39369688783785933     
   18.000000000000000       0.39304740739743727     
   19.000000000000000       0.39236343083898267     
   20.000000000000000       0.39164538068348104     
   21.000000000000000       0.39089369869594065     
   22.000000000000000       0.39010884535205809     
   23.000000000000000       0.38929129928594658     
   24.000000000000000       0.38844155672006553     
   25.000000000000000       0.38756013087851454     
   26.000000000000000       0.38664755138487233     
   27.000000000000000       0.38570436364579180     
   28.000000000000000       0.38473112822156702     
   29.000000000000000       0.38372842018490610     
   30.000000000000000       0.38269682846915226     
   31.000000000000000       0.38163695520720031     
   32.000000000000000       0.38054941506235779     
   33.000000000000000       0.37943483455239807     
   34.000000000000000       0.37829385136804800     
   35.000000000000000       0.37712711368714635     
   36.000000000000000       0.37593527948569511     
   37.000000000000000       0.37471901584701439     
   38.000000000000000       0.37347899827019060     
   39.000000000000000       0.37221590997899345     
   40.000000000000000       0.37093044123240837     
   41.000000000000000       0.36962328863790755     
   42.000000000000000       0.36829515446855748     
   43.000000000000000       0.36694674598502897     
   44.000000000000000       0.36557877476353973     
   45.000000000000000       0.36419195603073218     
   46.000000000000000       0.36278700800644775     
   47.000000000000000       0.36136465125532358     
   48.000000000000000       0.35992560804809742     
   49.000000000000000       0.35847060173346468     
   50.000000000000000       0.35700035612129355     
   51.000000000000000       0.35551559487795642     
   52.000000000000000       0.35401704093449654     
   53.000000000000000       0.35250541590830115     
   54.000000000000000       0.35098143953890881     
   55.000000000000000       0.34944582913853456     
   56.000000000000000       0.34789929905784800     
   57.000000000000000       0.34634256016749920     
   58.000000000000000       0.34477631935583358     
   59.000000000000000       0.34320127904320019     
   60.000000000000000       0.34161813671320901     
   61.000000000000000       0.34002758446124770     
   62.000000000000000       0.33843030856052514     
   63.000000000000000       0.33682698904586822     
   64.000000000000000       0.33521829931545227     
   65.000000000000000       0.33360490575060758     
   66.000000000000000       0.33198746735380319     
   67.000000000000000       0.33036663540486622     
   68.000000000000000       0.32874305313546448     
   69.000000000000000       0.32711735542183523     
   70.000000000000000       0.32549016849571466     
   71.000000000000000       0.32386210967338153     
   72.000000000000000       0.32223378710270312     
   73.000000000000000       0.32060579952803198     
   74.000000000000000       0.31897873607278188     
   75.000000000000000       0.31735317603947527     
   76.000000000000000       0.31572968872702883     
   77.000000000000000       0.31410883326502587     
   78.000000000000000       0.31249115846469044     
   79.000000000000000       0.31087720268626273     
   80.000000000000000       0.30926749372245466     
   81.000000000000000       0.30766254869764026     
   82.000000000000000       0.30606287398242815     
   83.000000000000000       0.30446896512323435     
   84.000000000000000       0.30288130678647329     
   85.000000000000000       0.30130037271696092     
   86.000000000000000       0.29972662571011921     
   87.000000000000000       0.29816051759755768     
   88.000000000000000       0.29660248924560279     
   89.000000000000000       0.29505297056633289     
   90.000000000000000       0.29351238054067819     
   91.000000000000000       0.29198112725313186     
   92.000000000000000       0.29045960793762515     
   93.000000000000000       0.28894820903410418     
   94.000000000000000       0.28744730625535897     
   95.000000000000000       0.28595726466364202     
   96.000000000000000       0.28447843875662593     
   97.000000000000000       0.28301117256224129     
   98.000000000000000       0.28155579974194433     
   99.000000000000000       0.28011264370197086     
   100.00000000000000       0.27868201771212475     
   101.00000000000000       0.27726422503166864     
   102.00000000000000       0.27585955904188125     
   103.00000000000000       0.27446830338485345     
   104.00000000000000       0.27309073210810519     
   105.00000000000000       0.27172710981461029     
   106.00000000000000       0.27037769181782184     
   107.00000000000000       0.26904272430130749     
   108.00000000000000       0.26772244448260041     
   109.00000000000000       0.26641708078089277     
   110.00000000000000       0.26512685298820055     
   111.00000000000000       0.26385197244364039     
   112.00000000000000       0.26259264221046930     
   113.00000000000000       0.26134905725554769     
   114.00000000000000       0.26012140463089745     
   115.00000000000000       0.25890986365703528     
   116.00000000000000       0.25771460610777341     
   117.00000000000000       0.25653579639619034     
   118.00000000000000       0.25537359176148355     
   119.00000000000000       0.25422814245642894     
   120.00000000000000       0.25309959193517917     
   121.00000000000000       0.25198807704114634     
   122.00000000000000       0.25089372819472289     
   123.00000000000000       0.24981666958060691     
   124.00000000000000       0.24875701933450631     
   125.00000000000000       0.24771488972900552     
   126.00000000000000       0.24669038735839371     
   127.00000000000000       0.24568361332225544     
   128.00000000000000       0.24469466340763985     
   129.00000000000000       0.24372362826963317     
   130.00000000000000       0.24277059361016495     
   131.00000000000000       0.24183564035489233     
   132.00000000000000       0.24091884482801160     
   133.00000000000000       0.24002027892485669     
   134.00000000000000       0.23914001028215121     
   135.00000000000000       0.23827810244579090     
   136.00000000000000       0.23743461503603780     
   137.00000000000000       0.23660960391001851     
   138.00000000000000       0.23580312132142270     
   139.00000000000000       0.23501521607730916     
   140.00000000000000       0.23424593369192787     
   141.00000000000000       0.23349531653747907     
   142.00000000000000       0.23276340399173231     
   143.00000000000000       0.23205023258243579     
   144.00000000000000       0.23135583612845209     
   145.00000000000000       0.23068024587756153     
   146.00000000000000       0.23002349064088082     
   147.00000000000000       0.22938559692384541     
   148.00000000000000       0.22876658905371644     
   149.00000000000000       0.22816648930356703     
   150.00000000000000       0.22758531801271842     
   151.00000000000000       0.22702309370358884     
   152.00000000000000       0.22647983319493245     
   153.00000000000000       0.22595555171144041     
   154.00000000000000       0.22545026298968388     
   155.00000000000000       0.22496397938038160     
   156.00000000000000       0.22449671194697599     
   157.00000000000000       0.22404847056050414     
   158.00000000000000       0.22361926399075432     
   159.00000000000000       0.22320909999369926     
   160.00000000000000       0.22281798539519776     
   161.00000000000000       0.22244592617096404     
   162.00000000000000       0.22209292752279616     
   163.00000000000000       0.22175899395106646     
   164.00000000000000       0.22144412932346938     
   165.00000000000000       0.22114833694003089     
   166.00000000000000       0.22087161959437648     
   167.00000000000000       0.22061397963126350     
   168.00000000000000       0.22037541900037791     
   169.00000000000000       0.22015593930639965     
   170.00000000000000       0.21995554185533939     
   171.00000000000000       0.21977422769715019     
   172.00000000000000       0.21961199766461939     
   173.00000000000000       0.21946885240854105     
   174.00000000000000       0.21934479242917593     
   175.00000000000000       0.21923981810400103     
   176.00000000000000       0.21915392971175207     
   177.00000000000000       0.21908712745276118     
   178.00000000000000       0.21903941146559369     
   179.00000000000000       0.21901078183998565     
   180.00000000000000       0.21900123862608317     
