   0.0000000000000000        50.775570813614259     
   1.0000000000000000        50.775560526169869     
   2.0000000000000000        50.775529667066266     
   3.0000000000000000        50.775478245991131     
   4.0000000000000000        50.775406279086816     
   5.0000000000000000        50.775313788945006     
   6.0000000000000000        50.775200804598853     
   7.0000000000000000        50.775067361513138     
   8.0000000000000000        50.774913501572193     
   9.0000000000000000        50.774739273065506     
   10.000000000000000        50.774544730671387     
   11.000000000000000        50.774329935438168     
   12.000000000000000        50.774094954763584     
   13.000000000000000        50.773839862371489     
   14.000000000000000        50.773564738287128     
   15.000000000000000        50.773269668809554     
   16.000000000000000        50.772954746482405     
   17.000000000000000        50.772620070062402     
   18.000000000000000        50.772265744485722     
   19.000000000000000        50.771891880832335     
   20.000000000000000        50.771498596288282     
   21.000000000000000        50.771086014105883     
   22.000000000000000        50.770654263561923     
   23.000000000000000        50.770203479913746     
   24.000000000000000        50.769733804353507     
   25.000000000000000        50.769245383960303     
   26.000000000000000        50.768738371650478     
   27.000000000000000        50.768212926125813     
   28.000000000000000        50.767669211819950     
   29.000000000000000        50.767107398843002     
   30.000000000000000        50.766527662923970     
   31.000000000000000        50.765930185351721     
   32.000000000000000        50.765315152913850     
   33.000000000000000        50.764682757833938     
   34.000000000000000        50.764033197706887     
   35.000000000000000        50.763366675432700     
   36.000000000000000        50.762683399148408     
   37.000000000000000        50.761983582158301     
   38.000000000000000        50.761267442862682     
   39.000000000000000        50.760535204684864     
   40.000000000000000        50.759787095996529     
   41.000000000000000        50.759023350041737     
   42.000000000000000        50.758244204859068     
   43.000000000000000        50.757449903202740     
   44.000000000000000        50.756640692461751     
   45.000000000000000        50.755816824577948     
   46.000000000000000        50.754978555962524     
   47.000000000000000        50.754126147411334     
   48.000000000000000        50.753259864018609     
   49.000000000000000        50.752379975089561     
   50.000000000000000        50.751486754051768     
   51.000000000000000        50.750580478365158     
   52.000000000000000        50.749661429430915     
   53.000000000000000        50.748729892499306     
   54.000000000000000        50.747786156576140     
   55.000000000000000        50.746830514328487     
   56.000000000000000        50.745863261989015     
   57.000000000000000        50.744884699259551     
   58.000000000000000        50.743895129213591     
   59.000000000000000        50.742894858197921     
   60.000000000000000        50.741884195733192     
   61.000000000000000        50.740863454413869     
   62.000000000000000        50.739832949807159     
   63.000000000000000        50.738793000351286     
   64.000000000000000        50.737743927252957     
   65.000000000000000        50.736686054384116     
   66.000000000000000        50.735619708178042     
   67.000000000000000        50.734545217524904     
   68.000000000000000        50.733462913666543     
   69.000000000000000        50.732373130090863     
   70.000000000000000        50.731276202425647     
   71.000000000000000        50.730172468331780     
   72.000000000000000        50.729062267396259     
   73.000000000000000        50.727945941024686     
   74.000000000000000        50.726823832333316     
   75.000000000000000        50.725696286040836     
   76.000000000000000        50.724563648359933     
   77.000000000000000        50.723426266888509     
   78.000000000000000        50.722284490500712     
   79.000000000000000        50.721138669237810     
   80.000000000000000        50.719989154198814     
   81.000000000000000        50.718836297431181     
   82.000000000000000        50.717680451821302     
   83.000000000000000        50.716521970984928     
   84.000000000000000        50.715361209157749     
   85.000000000000000        50.714198521085898     
   86.000000000000000        50.713034261916533     
   87.000000000000000        50.711868787088527     
   88.000000000000000        50.710702452223387     
   89.000000000000000        50.709535613016122     
   90.000000000000000        50.708368625126610     
   91.000000000000000        50.707201844071029     
   92.000000000000000        50.706035625113586     
   93.000000000000000        50.704870323158488     
   94.000000000000000        50.703706292642458     
   95.000000000000000        50.702543887427446     
   96.000000000000000        50.701383460693705     
   97.000000000000000        50.700225364833500     
   98.000000000000000        50.699069951345145     
   99.000000000000000        50.697917570727462     
   100.00000000000000        50.696768572374978     
   101.00000000000000        50.695623304473521     
   102.00000000000000        50.694482113896363     
   103.00000000000000        50.693345346101175     
   104.00000000000000        50.692213345027383     
   105.00000000000000        50.691086452994419     
   106.00000000000000        50.689965010600375     
   107.00000000000000        50.688849356621802     
   108.00000000000000        50.687739827913816     
   109.00000000000000        50.686636759311199     
   110.00000000000000        50.685540483530396     
   111.00000000000000        50.684451331072133     
   112.00000000000000        50.683369630124986     
   113.00000000000000        50.682295706469738     
   114.00000000000000        50.681229883384866     
   115.00000000000000        50.680172481552617     
   116.00000000000000        50.679123818966360     
   117.00000000000000        50.678084210838563     
   118.00000000000000        50.677053969510069     
   119.00000000000000        50.676033404360219     
   120.00000000000000        50.675022821718038     
   121.00000000000000        50.674022524774379     
   122.00000000000000        50.673032813495368     
   123.00000000000000        50.672053984536689     
   124.00000000000000        50.671086331159138     
   125.00000000000000        50.670130143145258     
   126.00000000000000        50.669185706717037     
   127.00000000000000        50.668253304454872     
   128.00000000000000        50.667333215217845     
   129.00000000000000        50.666425714064800     
   130.00000000000000        50.665531072176947     
   131.00000000000000        50.664649556781754     
   132.00000000000000        50.663781431077744     
   133.00000000000000        50.662926954161009     
   134.00000000000000        50.662086380952402     
   135.00000000000000        50.661259962126707     
   136.00000000000000        50.660447944042652     
   137.00000000000000        50.659650568674230     
   138.00000000000000        50.658868073543701     
   139.00000000000000        50.658100691655520     
   140.00000000000000        50.657348651431974     
   141.00000000000000        50.656612176649929     
   142.00000000000000        50.655891486379041     
   143.00000000000000        50.655186794921477     
   144.00000000000000        50.654498311752853     
   145.00000000000000        50.653826241464643     
   146.00000000000000        50.653170783708028     
   147.00000000000000        50.652532133139324     
   148.00000000000000        50.651910479366485     
   149.00000000000000        50.651306006897421     
   150.00000000000000        50.650718895089589     
   151.00000000000000        50.650149318101043     
   152.00000000000000        50.649597444843074     
   153.00000000000000        50.649063438934235     
   154.00000000000000        50.648547458655919     
   155.00000000000000        50.648049656909365     
   156.00000000000000        50.647570181174146     
   157.00000000000000        50.647109173468401     
   158.00000000000000        50.646666770310276     
   159.00000000000000        50.646243102681034     
   160.00000000000000        50.645838295989762     
   161.00000000000000        50.645452470039466     
   162.00000000000000        50.645085738994794     
   163.00000000000000        50.644738211351296     
   164.00000000000000        50.644409989906222     
   165.00000000000000        50.644101171730917     
   166.00000000000000        50.643811848144601     
   167.00000000000000        50.643542104690013     
   168.00000000000000        50.643292021110341     
   169.00000000000000        50.643061671327906     
   170.00000000000000        50.642851123424229     
   171.00000000000000        50.642660439621878     
   172.00000000000000        50.642489676267871     
   173.00000000000000        50.642338883818390     
   174.00000000000000        50.642208106825443     
   175.00000000000000        50.642097383924870     
   176.00000000000000        50.642006747826052     
   177.00000000000000        50.641936225303148     
   178.00000000000000        50.641885837187893     
   179.00000000000000        50.641855598364103     
   180.00000000000000        50.641845517763656     
