   0.0000000000000000       0.97868139405733401     
   1.0000000000000000       0.97845654435964746     
   2.0000000000000000       0.97778235326395646     
   3.0000000000000000       0.97665989385229979     
   4.0000000000000000       0.97509095156418302     
   5.0000000000000000       0.97307801966123864     
   6.0000000000000000       0.97062429289871943     
   7.0000000000000000       0.96773365942467637     
   8.0000000000000000       0.96441069093352128     
   9.0000000000000000       0.96066063110637745     
   10.000000000000000       0.95648938237622438     
   11.000000000000000       0.95190349106129080     
   12.000000000000000       0.94691013091543463     
   13.000000000000000       0.94151708514934107     
   14.000000000000000       0.93573272698126686     
   15.000000000000000       0.92956599878071644     
   16.000000000000000       0.92302638987285568     
   17.000000000000000       0.91612391307565000     
   18.000000000000000       0.90886908004558165     
   19.000000000000000       0.90127287551141821     
   20.000000000000000       0.89334673047879798     
   21.000000000000000       0.88510249449138922     
   22.000000000000000       0.87655240703704085     
   23.000000000000000       0.86770906818967086     
   24.000000000000000       0.85858540857964516     
   25.000000000000000       0.84919465878701827     
   26.000000000000000       0.83955031825332338     
   27.000000000000000       0.82966612380853200     
   28.000000000000000       0.81955601791036792     
   29.000000000000000       0.80923411669341516     
   30.000000000000000       0.79871467792529716     
   31.000000000000000       0.78801206896673515     
   32.000000000000000       0.77714073483145996     
   33.000000000000000       0.76611516644075772     
   34.000000000000000       0.75494986916591889     
   35.000000000000000       0.74365933175002019     
   36.000000000000000       0.73225799569828065     
   37.000000000000000       0.72076022522377492     
   38.000000000000000       0.70918027783249193     
   39.000000000000000       0.69753227562868236     
   40.000000000000000       0.68583017741809016     
   41.000000000000000       0.67408775168308799     
   42.000000000000000       0.66231855049990018     
   43.000000000000000       0.65053588446404731     
   44.000000000000000       0.63875279868589996     
   45.000000000000000       0.62698204991377160     
   46.000000000000000       0.61523608483739189     
   47.000000000000000       0.60352701961982891     
   48.000000000000000       0.59186662070105256     
   49.000000000000000       0.58026628691135385     
   50.000000000000000       0.56873703292773636     
   51.000000000000000       0.55728947410128304     
   52.000000000000000       0.54593381267830021     
   53.000000000000000       0.53467982543285109     
   54.000000000000000       0.52353685272307715     
   55.000000000000000       0.51251378897852762     
   56.000000000000000       0.50161907462057209     
   57.000000000000000       0.49086068941288813     
   58.000000000000000       0.48024614723401932     
   59.000000000000000       0.46978249225909657     
   60.000000000000000       0.45947629653303212     
   61.000000000000000       0.44933365891286081     
   62.000000000000000       0.43936020535240866     
   63.000000000000000       0.42956109049815294     
   64.000000000000000       0.41994100056101086     
   65.000000000000000       0.41050415742486557     
   66.000000000000000       0.40125432394892335     
   67.000000000000000       0.39219481041751519     
   68.000000000000000       0.38332848208770587     
   69.000000000000000       0.37465776778208626     
   70.000000000000000       0.36618466947137746     
   71.000000000000000       0.35791077278901756     
   72.000000000000000       0.34983725841769397     
   73.000000000000000       0.34196491428587750     
   74.000000000000000       0.33429414851077188     
   75.000000000000000       0.32682500302274925     
   76.000000000000000       0.31955716780527527     
   77.000000000000000       0.31248999568356101     
   78.000000000000000       0.30562251759468229     
   79.000000000000000       0.29895345827171249     
   80.000000000000000       0.29248125227448618     
   81.000000000000000       0.28620406029996620     
   82.000000000000000       0.28011978570581264     
   83.000000000000000       0.27422609118163460     
   84.000000000000000       0.26852041550354810     
   85.000000000000000       0.26299999030905280     
   86.000000000000000       0.25766185683086090     
   87.000000000000000       0.25250288253015618     
   88.000000000000000       0.24751977757182581     
   89.000000000000000       0.24270911108646254     
   90.000000000000000       0.23806732716638129     
   91.000000000000000       0.23359076054551320     
   92.000000000000000       0.22927565191581090     
   93.000000000000000       0.22511816283572009     
   94.000000000000000       0.22111439018931084     
   95.000000000000000       0.21726038015781748     
   96.000000000000000       0.21355214166858105     
   97.000000000000000       0.20998565928971177     
   98.000000000000000       0.20655690554217301     
   99.000000000000000       0.20326185260441659     
   100.00000000000000       0.20009648338815081     
   101.00000000000000       0.19705680196728972     
   102.00000000000000       0.19413884334559053     
   103.00000000000000       0.19133868255191908     
   104.00000000000000       0.18865244305548576     
   105.00000000000000       0.18607630449673598     
   106.00000000000000       0.18360650973285586     
   107.00000000000000       0.18123937120004951     
   108.00000000000000       0.17897127659784040     
   109.00000000000000       0.17679869390363678     
   110.00000000000000       0.17471817572867077     
   111.00000000000000       0.17272636302915115     
   112.00000000000000       0.17081998818906199     
   113.00000000000000       0.16899587749347483     
   114.00000000000000       0.16725095301351747     
   115.00000000000000       0.16558223392624424     
   116.00000000000000       0.16398683729458222     
   117.00000000000000       0.16246197833427017     
   118.00000000000000       0.16100497019626153     
   119.00000000000000       0.15961322329443092     
   120.00000000000000       0.15828424420958762     
   121.00000000000000       0.15701563420177672     
   122.00000000000000       0.15580508736362272     
   123.00000000000000       0.15465038844804746     
   124.00000000000000       0.15354941040408138     
   125.00000000000000       0.15250011165467220     
   126.00000000000000       0.15150053315039896     
   127.00000000000000       0.15054879523281070     
   128.00000000000000       0.14964309434074294     
   129.00000000000000       0.14878169959242382     
   130.00000000000000       0.14796294927547249     
   131.00000000000000       0.14718524727602172     
   132.00000000000000       0.14644705947717634     
   133.00000000000000       0.14574691015585345     
   134.00000000000000       0.14508337840575489     
   135.00000000000000       0.14445509461279815     
   136.00000000000000       0.14386073700780524     
   137.00000000000000       0.14329902831960842     
   138.00000000000000       0.14276873255001571     
   139.00000000000000       0.14226865189027366     
   140.00000000000000       0.14179762379680291     
   141.00000000000000       0.14135451824206136     
   142.00000000000000       0.14093823515443291     
   143.00000000000000       0.14054770205905126     
   144.00000000000000       0.14018187192946724     
   145.00000000000000       0.13983972125806285     
   146.00000000000000       0.13952024835111773     
   147.00000000000000       0.13922247185245984     
   148.00000000000000       0.13894542949768959     
   149.00000000000000       0.13868817709906786     
   150.00000000000000       0.13844978775931549     
   151.00000000000000       0.13822935131079364     
   152.00000000000000       0.13802597397483321     
   153.00000000000000       0.13783877823436191     
   154.00000000000000       0.13766690291145572     
   155.00000000000000       0.13750950344001639     
   156.00000000000000       0.13736575232246534     
   157.00000000000000       0.13723483975814432     
   158.00000000000000       0.13711597443003648     
   159.00000000000000       0.13700838443547197     
   160.00000000000000       0.13691131834565989     
   161.00000000000000       0.13682404637820542     
   162.00000000000000       0.13674586166621724     
   163.00000000000000       0.13667608160720182     
   164.00000000000000       0.13661404927466608     
   165.00000000000000       0.13655913487521656     
   166.00000000000000       0.13651073723394594     
   167.00000000000000       0.13646828529103744     
   168.00000000000000       0.13643123959278980     
   169.00000000000000       0.13639909376066672     
   170.00000000000000       0.13637137592250606     
   171.00000000000000       0.13634765009066629     
   172.00000000000000       0.13632751747265573     
   173.00000000000000       0.13631061770065972     
   174.00000000000000       0.13629662996735123     
   175.00000000000000       0.13628527405643936     
   176.00000000000000       0.13627631125755829     
   177.00000000000000       0.13626954515632925     
   178.00000000000000       0.13626482229171888     
   179.00000000000000       0.13626203267417519     
   180.00000000000000       0.13626111015941425     
