   0.0000000000000000        1.0742338805168941     
   1.0000000000000000        1.0739063559616360     
   2.0000000000000000        1.0729245516771169     
   3.0000000000000000        1.0712907727002137     
   4.0000000000000000        1.0690088504201010     
   5.0000000000000000        1.0660841271304085     
   6.0000000000000000        1.0625234345229941     
   7.0000000000000000        1.0583350662430784     
   8.0000000000000000        1.0535287446582779     
   9.0000000000000000        1.0481155820258214     
   10.000000000000000        1.0421080362727011     
   11.000000000000000        1.0355198616325167     
   12.000000000000000        1.0283660544100957     
   13.000000000000000        1.0206627941704620     
   14.000000000000000        1.0124273806721942     
   15.000000000000000        1.0036781668865058     
   16.000000000000000       0.99443448846238802     
   17.000000000000000       0.98471659001474154     
   18.000000000000000       0.97454554862648379     
   19.000000000000000       0.96394319496710712     
   20.000000000000000       0.95293203243899360     
   21.000000000000000       0.94153515476893579     
   22.000000000000000       0.92977616246576500     
   23.000000000000000       0.91767907856572706     
   24.000000000000000       0.90526826408533156     
   25.000000000000000       0.89256833359683707     
   26.000000000000000       0.87960407133441654     
   27.000000000000000       0.86640034822945111     
   28.000000000000000       0.85298204026139912     
   29.000000000000000       0.83937394849644731     
   30.000000000000000       0.82560072116975969     
   31.000000000000000       0.81168677814875456     
   32.000000000000000       0.79765623809466135     
   33.000000000000000       0.78353284861773342     
   34.000000000000000       0.76933991969817317     
   35.000000000000000       0.75510026062022240     
   36.000000000000000       0.74083612064116389     
   37.000000000000000       0.72656913359041442     
   38.000000000000000       0.71232026656663250     
   39.000000000000000       0.69810977287304510     
   40.000000000000000       0.68395714930321005     
   41.000000000000000       0.66988109786141015     
   42.000000000000000       0.65589949197395758     
   43.000000000000000       0.64202934722017346     
   44.000000000000000       0.62828679658477271     
   45.000000000000000       0.61468707020710034     
   46.000000000000000       0.60124447957727067     
   47.000000000000000       0.58797240610489843     
   48.000000000000000       0.57488329396297100     
   49.000000000000000       0.56198864708762108     
   50.000000000000000       0.54929903019419168     
   51.000000000000000       0.53682407365125251     
   52.000000000000000       0.52457248203711027     
   53.000000000000000       0.51255204618801553     
   54.000000000000000       0.50076965853372646     
   55.000000000000000       0.48923133150441095     
   56.000000000000000       0.47794221878305876     
   57.000000000000000       0.46690663916968722     
   58.000000000000000       0.45612810281761568     
   59.000000000000000       0.44560933959795979     
   60.000000000000000       0.43535232934622198     
   61.000000000000000       0.42535833374437948     
   62.000000000000000       0.41562792959313688     
   63.000000000000000       0.40616104323193880     
   64.000000000000000       0.39695698586885680     
   65.000000000000000       0.38801448958846813     
   66.000000000000000       0.37933174381322821     
   67.000000000000000       0.37090643200250106     
   68.000000000000000       0.36273576838321353     
   69.000000000000000       0.35481653451694206     
   70.000000000000000       0.34714511551996169     
   71.000000000000000       0.33971753576528624     
   72.000000000000000       0.33252949390883990     
   73.000000000000000       0.32557639709552183     
   74.000000000000000       0.31885339421488201     
   75.000000000000000       0.31235540809032991     
   76.000000000000000       0.30607716650007888     
   77.000000000000000       0.30001323194228874     
   78.000000000000000       0.29415803007097596     
   79.000000000000000       0.28850587674310463     
   80.000000000000000       0.28305100363073976     
   81.000000000000000       0.27778758236515355     
   82.000000000000000       0.27270974719221036     
   83.000000000000000       0.26781161613016780     
   84.000000000000000       0.26308731063211199     
   85.000000000000000       0.25853097376557505     
   86.000000000000000       0.25413678693136704     
   87.000000000000000       0.24989898515228998     
   88.000000000000000       0.24581187097013640     
   89.000000000000000       0.24186982699619500     
   90.000000000000000       0.23806732716638129     
   91.000000000000000       0.23439894675708703     
   92.000000000000000       0.23085937122189659     
   93.000000000000000       0.22744340391248319     
   94.000000000000000       0.22414597274928921     
   95.000000000000000       0.22096213590905431     
   96.000000000000000       0.21788708659692235     
   97.000000000000000       0.21491615697077923     
   98.000000000000000       0.21204482128470886     
   99.000000000000000       0.20926869831705508     
   100.00000000000000       0.20658355314660970     
   101.00000000000000       0.20398529833797890     
   102.00000000000000       0.20146999459427467     
   103.00000000000000       0.19903385093200721     
   104.00000000000000       0.19667322442948829     
   105.00000000000000       0.19438461959626213     
   106.00000000000000       0.19216468740712808     
   107.00000000000000       0.19001022404027473     
   108.00000000000000       0.18791816935497227     
   109.00000000000000       0.18588560514022695     
   110.00000000000000       0.18390975316184816     
   111.00000000000000       0.18198797303156150     
   112.00000000000000       0.18011775991817630     
   113.00000000000000       0.17829674211741212     
   114.00000000000000       0.17652267849385661     
   115.00000000000000       0.17479345580568376     
   116.00000000000000       0.17310708592024163     
   117.00000000000000       0.17146170292643276     
   118.00000000000000       0.16985556014797629     
   119.00000000000000       0.16828702706016113     
   120.00000000000000       0.16675458611157720     
   121.00000000000000       0.16525682945153805     
   122.00000000000000       0.16379245556347644     
   123.00000000000000       0.16236026580448926     
   124.00000000000000       0.16095916085140197     
   125.00000000000000       0.15958813705420261     
   126.00000000000000       0.15824628269842683     
   127.00000000000000       0.15693277417902360     
   128.00000000000000       0.15564687208937461     
   129.00000000000000       0.15438791723043030     
   130.00000000000000       0.15315532654633340     
   131.00000000000000       0.15194858899438710     
   132.00000000000000       0.15076726135874741     
   133.00000000000000       0.14961096401874890     
   134.00000000000000       0.14847937668426114     
   135.00000000000000       0.14737223411189856     
   136.00000000000000       0.14628932181721985     
   137.00000000000000       0.14523047179923868     
   138.00000000000000       0.14419555829458608     
   139.00000000000000       0.14318449357949395     
   140.00000000000000       0.14219722383839439     
   141.00000000000000       0.14123372511831686     
   142.00000000000000       0.14029399938842346     
   143.00000000000000       0.13937807072391475     
   144.00000000000000       0.13848598163318895     
   145.00000000000000       0.13761778954651502     
   146.00000000000000       0.13677356348361325     
   147.00000000000000       0.13595338091641460     
   148.00000000000000       0.13515732484191562     
   149.00000000000000       0.13438548107846129     
   150.00000000000000       0.13363793579700992     
   151.00000000000000       0.13291477329696269     
   152.00000000000000       0.13221607403401794     
   153.00000000000000       0.13154191290525463     
   154.00000000000000       0.13089235779428965     
   155.00000000000000       0.13026746837692915     
   156.00000000000000       0.12966729518526154     
   157.00000000000000       0.12909187892567253     
   158.00000000000000       0.12854125004381217     
   159.00000000000000       0.12801542852716224     
   160.00000000000000       0.12751442393355814     
   161.00000000000000       0.12703823563185432     
   162.00000000000000       0.12658685323890623     
   163.00000000000000       0.12616025723521160     
   164.00000000000000       0.12575841973993118     
   165.00000000000000       0.12538130542461329     
   166.00000000000000       0.12502887254380443     
   167.00000000000000       0.12470107405985251     
   168.00000000000000       0.12439785883860890     
   169.00000000000000       0.12411917289243217     
   170.00000000000000       0.12386496064687784     
   171.00000000000000       0.12363516620774372     
   172.00000000000000       0.12342973460571455     
   173.00000000000000       0.12324861299671358     
   174.00000000000000       0.12309175179720704     
   175.00000000000000       0.12295910573511244     
   176.00000000000000       0.12285063479860991     
   177.00000000000000       0.12276630506703035     
   178.00000000000000       0.12270608941007033     
   179.00000000000000       0.12266996804383741     
   180.00000000000000       0.12265792893462546     
