   0.0000000000000000        1.1245962726258161     
   1.0000000000000000        1.1241608934561862     
   2.0000000000000000        1.1228564227940108     
   3.0000000000000000        1.1206878473751594     
   4.0000000000000000        1.1176634326002994     
   5.0000000000000000        1.1137946544521298     
   6.0000000000000000        1.1090961054782738     
   7.0000000000000000        1.1035853761084180     
   8.0000000000000000        1.0972829128945385     
   9.0000000000000000        1.0902118555530655     
   10.000000000000000        1.0823978549425470     
   11.000000000000000        1.0738688743254337     
   12.000000000000000        1.0646549764347997     
   13.000000000000000        1.0547880989937526     
   14.000000000000000        1.0443018214158137     
   15.000000000000000        1.0332311254484312     
   16.000000000000000        1.0216121525098989     
   17.000000000000000        1.0094819604141201     
   18.000000000000000       0.99687828208052154     
   19.000000000000000       0.98383928869161452     
   20.000000000000000       0.97040335959222979     
   21.000000000000000       0.95660886102717402     
   22.000000000000000       0.94249393559298222     
   23.000000000000000       0.92809630403993892     
   24.000000000000000       0.91345308080812349     
   25.000000000000000       0.89860060442125900     
   26.000000000000000       0.88357428359995394     
   27.000000000000000       0.86840845969645175     
   28.000000000000000       0.85313628580089296     
   29.000000000000000       0.83778962262850165     
   30.000000000000000       0.82239895107163907     
   31.000000000000000       0.80699330109334477     
   32.000000000000000       0.79160019645232060     
   33.000000000000000       0.77624561458504093     
   34.000000000000000       0.76095396083006439     
   35.000000000000000       0.74574805606332439     
   36.000000000000000       0.73064913672119525     
   37.000000000000000       0.71567686612014236     
   38.000000000000000       0.70084935593682607     
   39.000000000000000       0.68618319668940186     
   40.000000000000000       0.67169349605787732     
   41.000000000000000       0.65739392389688867     
   42.000000000000000       0.64329676282610870     
   43.000000000000000       0.62941296332953933     
   44.000000000000000       0.61575220235295824     
   45.000000000000000       0.60232294445647594     
   46.000000000000000       0.58913250465436540     
   47.000000000000000       0.57618711215488128     
   48.000000000000000       0.56349197429664366     
   49.000000000000000       0.55105134006352074     
   50.000000000000000       0.53886856264496719     
   51.000000000000000       0.52694616059209132     
   52.000000000000000       0.51528587719984298     
   53.000000000000000       0.50388873782165611     
   54.000000000000000       0.49275510489360436     
   55.000000000000000       0.48188473051000857     
   56.000000000000000       0.47127680645088604     
   57.000000000000000       0.46093001161334485     
   58.000000000000000       0.45084255684385416     
   59.000000000000000       0.44101222720620403     
   60.000000000000000       0.43143642175111019     
   61.000000000000000       0.42211219087803975     
   62.000000000000000       0.41303627139831095     
   63.000000000000000       0.40420511942132131     
   64.000000000000000       0.39561494119339735     
   65.000000000000000       0.38726172202181952     
   66.000000000000000       0.37914125341566290     
   67.000000000000000       0.37124915857082502     
   68.000000000000000       0.36358091631963707     
   69.000000000000000       0.35613188365634518     
   70.000000000000000       0.34889731693913234     
   71.000000000000000       0.34187239185774460     
   72.000000000000000       0.33505222224371140     
   73.000000000000000       0.32843187778805422     
   74.000000000000000       0.32200640071965980     
   75.000000000000000       0.31577082148648189     
   76.000000000000000       0.30972017347172215     
   77.000000000000000       0.30384950676832323     
   78.000000000000000       0.29815390102765221     
   79.000000000000000       0.29262847739226711     
   80.000000000000000       0.28726840951817662     
   81.000000000000000       0.28206893368903979     
   82.000000000000000       0.27702535802326295     
   83.000000000000000       0.27213307077485882     
   84.000000000000000       0.26738754773012052     
   85.000000000000000       0.26278435870452105     
   86.000000000000000       0.25831917314758635     
   87.000000000000000       0.25398776486767316     
   88.000000000000000       0.24978601589341159     
   89.000000000000000       0.24570991949386323     
   90.000000000000000       0.24175558238502609     
   91.000000000000000       0.23791922615599148     
   92.000000000000000       0.23419718795365799     
   93.000000000000000       0.23058592047027032     
   94.000000000000000       0.22708199128301834     
   95.000000000000000       0.22368208159937067     
   96.000000000000000       0.22038298446561772     
   97.000000000000000       0.21718160249914922     
   98.000000000000000       0.21407494520722434     
   99.000000000000000       0.21106012595635421     
   100.00000000000000       0.20813435865686464     
   101.00000000000000       0.20529495422674932     
   102.00000000000000       0.20253931689755331     
   103.00000000000000       0.19986494042279537     
   104.00000000000000       0.19726940424638689     
   105.00000000000000       0.19475036968471254     
   106.00000000000000       0.19230557617158628     
   107.00000000000000       0.18993283761028984     
   108.00000000000000       0.18763003887144253     
   109.00000000000000       0.18539513246966055     
   110.00000000000000       0.18322613544596117     
   111.00000000000000       0.18112112647676462     
   112.00000000000000       0.17907824322427277     
   113.00000000000000       0.17709567993705577     
   114.00000000000000       0.17517168530397206     
   115.00000000000000       0.17330456055916746     
   116.00000000000000       0.17149265783093662     
   117.00000000000000       0.16973437872274247     
   118.00000000000000       0.16802817311074711     
   119.00000000000000       0.16637253813883740     
   120.00000000000000       0.16476601738937577     
   121.00000000000000       0.16320720020576820     
   122.00000000000000       0.16169472114143821     
   123.00000000000000       0.16022725950890507     
   124.00000000000000       0.15880353900237432     
   125.00000000000000       0.15742232736752645     
   126.00000000000000       0.15608243609300479     
   127.00000000000000       0.15478272009939850     
   128.00000000000000       0.15352207740325660     
   129.00000000000000       0.15229944873578866     
   130.00000000000000       0.15111381709835153     
   131.00000000000000       0.14996420723952650     
   132.00000000000000       0.14884968504149459     
   133.00000000000000       0.14776935680645750     
   134.00000000000000       0.14672236843695427     
   135.00000000000000       0.14570790450703827     
   136.00000000000000       0.14472518722433148     
   137.00000000000000       0.14377347528591256     
   138.00000000000000       0.14285206263376621     
   139.00000000000000       0.14196027711806461     
   140.00000000000000       0.14109747907883918     
   141.00000000000000       0.14026305985857843     
   142.00000000000000       0.13945644025993836     
   143.00000000000000       0.13867706896404317     
   144.00000000000000       0.13792442092577978     
   145.00000000000000       0.13719799576304492     
   146.00000000000000       0.13649731615708299     
   147.00000000000000       0.13582192628087936     
   148.00000000000000       0.13517139027206543     
   149.00000000000000       0.13454529076596020     
   150.00000000000000       0.13394322750327614     
   151.00000000000000       0.13336481602566516     
   152.00000000000000       0.13280968647073257     
   153.00000000000000       0.13227748247643145     
   154.00000000000000       0.13176786020291961     
   155.00000000000000       0.13128048747804924     
   156.00000000000000       0.13081504307071032     
   157.00000000000000       0.13037121609429866     
   158.00000000000000       0.12994870554065927     
   159.00000000000000       0.12954721994299942     
   160.00000000000000       0.12916647716449742     
   161.00000000000000       0.12880620430767109     
   162.00000000000000       0.12846613773803775     
   163.00000000000000       0.12814602321420343     
   164.00000000000000       0.12784561611528186     
   165.00000000000000       0.12756468175546232     
   166.00000000000000       0.12730299577463419     
   167.00000000000000       0.12706034459324023     
   168.00000000000000       0.12683652591896347     
   169.00000000000000       0.12663134929247646     
   170.00000000000000       0.12644463665927533     
   171.00000000000000       0.12627622295460808     
   172.00000000000000       0.12612595668866813     
   173.00000000000000       0.12599370051957554     
   174.00000000000000       0.12587933180219341     
   175.00000000000000       0.12578274310152754     
   176.00000000000000       0.12570384266033063     
   177.00000000000000       0.12564255481155281     
   178.00000000000000       0.12559882032745678     
   179.00000000000000       0.12557259669851190     
   180.00000000000000       0.12556385833659361     
