   0.0000000000000000       0.74140808467977881     
   1.0000000000000000       0.74083833959334078     
   2.0000000000000000       0.73913215127464749     
   3.0000000000000000       0.73629863231369186     
   4.0000000000000000       0.73235287662097925     
   5.0000000000000000       0.72731582009598394     
   6.0000000000000000       0.72121404809688350     
   7.0000000000000000       0.71407955219575880     
   8.0000000000000000       0.70594943934328813     
   9.0000000000000000       0.69686559715622987     
   10.000000000000000       0.68687431957039247     
   11.000000000000000       0.67602589756328468     
   12.000000000000000       0.66437418003739135     
   13.000000000000000       0.65197611026160041     
   14.000000000000000       0.63889124349082160     
   15.000000000000000       0.62518125151989246     
   16.000000000000000       0.61090941997670867     
   17.000000000000000       0.59614014412188399     
   18.000000000000000       0.58093842880047686     
   19.000000000000000       0.56536939798921648     
   20.000000000000000       0.54949781910531514     
   21.000000000000000       0.53338764689680329     
   22.000000000000000       0.51710159132680478     
   23.000000000000000       0.50070071340372535     
   24.000000000000000       0.48424405240505797     
   25.000000000000000       0.46778828740412476     
   26.000000000000000       0.45138743544660570     
   27.000000000000000       0.43509258814731377     
   28.000000000000000       0.41895168789743570     
   29.000000000000000       0.40300934429826440     
   30.000000000000000       0.38730669087862191     
   31.000000000000000       0.37188128161854483     
   32.000000000000000       0.35676702629931972     
   33.000000000000000       0.34199416323675158     
   34.000000000000000       0.32758926753665174     
   35.000000000000000       0.31357529264398049     
   36.000000000000000       0.29997164264362447     
   37.000000000000000       0.28679427251412515     
   38.000000000000000       0.27405581333718465     
   39.000000000000000       0.26176571932578102     
   40.000000000000000       0.24993043345129529     
   41.000000000000000       0.23855356842335040     
   42.000000000000000       0.22763609980211472     
   43.000000000000000       0.21717656809794794     
   44.000000000000000       0.20717128683291683     
   45.000000000000000       0.19761455369781281     
   46.000000000000000       0.18849886213126466     
   47.000000000000000       0.17981511086845908     
   48.000000000000000       0.17155280924977434     
   49.000000000000000       0.16370027633817399     
   50.000000000000000       0.15624483216244153     
   51.000000000000000       0.14917297967547882     
   52.000000000000000       0.14247057628743687     
   53.000000000000000       0.13612299409736409     
   54.000000000000000       0.13011526819981736     
   55.000000000000000       0.12443223268055177     
   56.000000000000000       0.11905864413468796     
   57.000000000000000       0.11397929273903139     
   58.000000000000000       0.10917910108553512     
   59.000000000000000       0.10464321113401558     
   60.000000000000000       0.10035705976852992     
   61.000000000000000        9.6306443543350509E-002
   62.000000000000000        9.2477573281817577E-002
   63.000000000000000        8.8857119245645058E-002
   64.000000000000000        8.5432247625052873E-002
   65.000000000000000        8.2190649113355274E-002
   66.000000000000000        7.9120560325556907E-002
   67.000000000000000        7.6210778801547044E-002
   68.000000000000000        7.3450672303181960E-002
   69.000000000000000        7.0830183073515504E-002
   70.000000000000000        6.8339827678239914E-002
   71.000000000000000        6.5970692996509234E-002
   72.000000000000000        6.3714428873030207E-002
   73.000000000000000        6.1563237887725351E-002
   74.000000000000000        5.9509862645222268E-002
   75.000000000000000        5.7547570935456260E-002
   76.000000000000000        5.5670139070032661E-002
   77.000000000000000        5.3871833657595347E-002
   78.000000000000000        5.2147392045905912E-002
   79.000000000000000        5.0492001628949026E-002
   80.000000000000000        4.8901278194168209E-002
   81.000000000000000        4.7371243467652868E-002
   82.000000000000000        4.5898302003289648E-002
   83.000000000000000        4.4479217554898837E-002
   84.000000000000000        4.3111089067411908E-002
   85.000000000000000        4.1791326423317433E-002
   86.000000000000000        4.0517626082955775E-002
   87.000000000000000        3.9287946760824456E-002
   88.000000000000000        3.8100485283923950E-002
   89.000000000000000        3.6953652781463772E-002
   90.000000000000000        3.5846051357184314E-002
   91.000000000000000        3.4776451395476402E-002
   92.000000000000000        3.3743769649892306E-002
   93.000000000000000        3.2747048257175525E-002
   94.000000000000000        3.1785434811407248E-002
   95.000000000000000        3.0858163621234714E-002
   96.000000000000000        2.9964538258544532E-002
   97.000000000000000        2.9103915489633918E-002
   98.000000000000000        2.8275690660318910E-002
   99.000000000000000        2.7479284585002966E-002
   100.00000000000000        2.6714131967098410E-002
   101.00000000000000        2.5979671354995224E-002
   102.00000000000000        2.5275336614676132E-002
   103.00000000000000        2.4600549877760568E-002
   104.00000000000000        2.3954715902870634E-002
   105.00000000000000        2.3337217769348786E-002
   106.00000000000000        2.2747413806043264E-002
   107.00000000000000        2.2184635644547767E-002
   108.00000000000000        2.1648187276261239E-002
   109.00000000000000        2.1137344986130933E-002
   110.00000000000000        2.0651358033041797E-002
   111.00000000000000        2.0189449947478382E-002
   112.00000000000000        1.9750820321149970E-002
   113.00000000000000        1.9334646970463280E-002
   114.00000000000000        1.8940088365673114E-002
   115.00000000000000        1.8566286229780272E-002
   116.00000000000000        1.8212368225249017E-002
   117.00000000000000        1.7877450661808996E-002
   118.00000000000000        1.7560641174386969E-002
   119.00000000000000        1.7261041335981598E-002
   120.00000000000000        1.6977749185461626E-002
   121.00000000000000        1.6709861664293432E-002
   122.00000000000000        1.6456476968600076E-002
   123.00000000000000        1.6216696833311253E-002
   124.00000000000000        1.5989628773161423E-002
   125.00000000000000        1.5774388310709018E-002
   126.00000000000000        1.5570101224266403E-002
   127.00000000000000        1.5375905848640190E-002
   128.00000000000000        1.5190955458980559E-002
   129.00000000000000        1.5014420763025468E-002
   130.00000000000000        1.4845492519890246E-002
   131.00000000000000        1.4683384294664419E-002
   132.00000000000000        1.4527335347869772E-002
   133.00000000000000        1.4376613647787634E-002
   134.00000000000000        1.4230518982289060E-002
   135.00000000000000        1.4088386135619205E-002
   136.00000000000000        1.3949588085104591E-002
   137.00000000000000        1.3813539163450617E-002
   138.00000000000000        1.3679698124607826E-002
   139.00000000000000        1.3547571045480289E-002
   140.00000000000000        1.3416713992320915E-002
   141.00000000000000        1.3286735379712868E-002
   142.00000000000000        1.3157297951686532E-002
   143.00000000000000        1.3028120318780421E-002
   144.00000000000000        1.2898977991638296E-002
   145.00000000000000        1.2769703860862796E-002
   146.00000000000000        1.2640188084049951E-002
   147.00000000000000        1.2510377353860761E-002
   148.00000000000000        1.2380273535232357E-002
   149.00000000000000        1.2249931674926414E-002
   150.00000000000000        1.2119457402056827E-002
   151.00000000000000        1.1989003753516058E-002
   152.00000000000000        1.1858767472814169E-002
   153.00000000000000        1.1728984844263804E-002
   154.00000000000000        1.1599927136228519E-002
   155.00000000000000        1.1471895736901180E-002
   156.00000000000000        1.1345217073455932E-002
   157.00000000000000        1.1220237410169032E-002
   158.00000000000000        1.1097317623064014E-002
   159.00000000000000        1.0976828047734989E-002
   160.00000000000000        1.0859143493265588E-002
   161.00000000000000        1.0744638508713671E-002
   162.00000000000000        1.0633682979689628E-002
   163.00000000000000        1.0526638121419917E-002
   164.00000000000000        1.0423852921733421E-002
   165.00000000000000        1.0325661073072142E-002
   166.00000000000000        1.0232378417394890E-002
   167.00000000000000        1.0144300912223786E-002
   168.00000000000000        1.0061703110604975E-002
   169.00000000000000        9.9848371329346163E-003
   170.00000000000000        9.9139320949329819E-003
   171.00000000000000        9.8491939439867525E-003
   172.00000000000000        9.7908056460171838E-003
   173.00000000000000        9.7389276572969613E-003
   174.00000000000000        9.6936986104717796E-003
   175.00000000000000        9.6552361416013758E-003
   176.00000000000000        9.6236377853731979E-003
   177.00000000000000        9.5989818687243853E-003
   178.00000000000000        9.5813283387977313E-003
   179.00000000000000        9.5707194692295997E-003
   180.00000000000000        9.5671803989143909E-003
