   0.0000000000000000       0.68235330029306596     
   1.0000000000000000       0.68200926049448485     
   2.0000000000000000       0.68097847285351387     
   3.0000000000000000       0.67926492315751663     
   4.0000000000000000       0.67687522289428803     
   5.0000000000000000       0.67381856235951165     
   6.0000000000000000       0.67010664569071787     
   7.0000000000000000       0.66575360850009579     
   8.0000000000000000       0.66077591895486421     
   9.0000000000000000       0.65519226331880986     
   10.000000000000000       0.64902341711991085     
   11.000000000000000       0.64229210324470964     
   12.000000000000000       0.63502283837869000     
   13.000000000000000       0.62724176931181685     
   14.000000000000000       0.61897650070868027     
   15.000000000000000       0.61025591600237972     
   16.000000000000000       0.60110999311009883     
   17.000000000000000       0.59156961668597097     
   18.000000000000000       0.58166638862360021     
   19.000000000000000       0.57143243849692515     
   20.000000000000000       0.56090023558479951     
   21.000000000000000       0.55010240406281019     
   22.000000000000000       0.53907154286673042     
   23.000000000000000       0.52784005163723824     
   24.000000000000000       0.51643996404682579     
   25.000000000000000       0.50490278968909774     
   26.000000000000000       0.49325936557995831     
   27.000000000000000       0.48153971818165131     
   28.000000000000000       0.46977293671637227     
   29.000000000000000       0.45798705838846115     
   30.000000000000000       0.44620896598512122     
   31.000000000000000       0.43446429817730509     
   32.000000000000000       0.42277737269687593     
   33.000000000000000       0.41117112242524095     
   34.000000000000000       0.39966704429409922     
   35.000000000000000       0.38828516077232583     
   36.000000000000000       0.37704399359560092     
   37.000000000000000       0.36596054928844834     
   38.000000000000000       0.35505031593267472     
   39.000000000000000       0.34432727055260476     
   40.000000000000000       0.33380389641639113     
   41.000000000000000       0.32349120949434451     
   42.000000000000000       0.31339879326967696     
   43.000000000000000       0.30353484106415313     
   44.000000000000000       0.29390620502051551     
   45.000000000000000       0.28451845087467537     
   46.000000000000000       0.27537591765286140     
   47.000000000000000       0.26648178144137991     
   48.000000000000000       0.25783812239843074     
   49.000000000000000       0.24944599420756755     
   50.000000000000000       0.24130549520978017     
   51.000000000000000       0.23341584049474395     
   52.000000000000000       0.22577543428038366     
   53.000000000000000       0.21838194196243590     
   54.000000000000000       0.21123236127107620     
   55.000000000000000       0.20432309202886034     
   56.000000000000000       0.19765000406224204     
   57.000000000000000       0.19120850287686511     
   58.000000000000000       0.18499359276385294     
   59.000000000000000       0.17899993705973130     
   60.000000000000000       0.17322191533577361     
   61.000000000000000       0.16765367734293274     
   62.000000000000000       0.16228919358570348     
   63.000000000000000       0.15712230244191741     
   64.000000000000000       0.15214675378538614     
   65.000000000000000       0.14735624910435174     
   66.000000000000000       0.14274447814082009     
   67.000000000000000       0.13830515210408059     
   68.000000000000000       0.13403203353614468     
   69.000000000000000       0.12991896292762273     
   70.000000000000000       0.12595988219989579     
   71.000000000000000       0.12214885518356949     
   72.000000000000000       0.11848008523437378     
   73.000000000000000       0.11494793013617371     
   74.000000000000000       0.11154691444687018     
   75.000000000000000       0.10827173944696925     
   76.000000000000000       0.10511729085276830     
   77.000000000000000       0.10207864445669936     
   78.000000000000000        9.9151069856631607E-002
   79.000000000000000        9.6330032434081281E-002
   80.000000000000000        9.3611193738507625E-002
   81.000000000000000        9.0990410431350435E-002
   82.000000000000000        8.8463731939336709E-002
   83.000000000000000        8.6027396961966110E-002
   84.000000000000000        8.3677828973068663E-002
   85.000000000000000        8.1411630850990888E-002
   86.000000000000000        7.9225578766354693E-002
   87.000000000000000        7.7116615450493628E-002
   88.000000000000000        7.5081842961620779E-002
   89.000000000000000        7.3118515059544739E-002
   90.000000000000000        7.1224029293331909E-002
   91.000000000000000        6.9395918899731249E-002
   92.000000000000000        6.7631844603428914E-002
   93.000000000000000        6.5929586403312312E-002
   94.000000000000000        6.4287035421900618E-002
   95.000000000000000        6.2702185887972411E-002
   96.000000000000000        6.1173127315216846E-002
   97.000000000000000        5.9698036932494980E-002
   98.000000000000000        5.8275172414057559E-002
   99.000000000000000        5.6902864950886894E-002
   100.00000000000000        5.5579512697257395E-002
   101.00000000000000        5.4303574619711324E-002
   102.00000000000000        5.3073564768975012E-002
   103.00000000000000        5.1888046988963897E-002
   104.00000000000000        5.0745630070998873E-002
   105.00000000000000        4.9644963355735455E-002
   106.00000000000000        4.8584732780142477E-002
   107.00000000000000        4.7563657362199148E-002
   108.00000000000000        4.6580486111841055E-002
   109.00000000000000        4.5633995353099199E-002
   110.00000000000000        4.4722986439355322E-002
   111.00000000000000        4.3846283841178904E-002
   112.00000000000000        4.3002733584307881E-002
   113.00000000000000        4.2191202013963307E-002
   114.00000000000000        4.1410574860816736E-002
   115.00000000000000        4.0659756583515519E-002
   116.00000000000000        3.9937669962668079E-002
   117.00000000000000        3.9243255921543298E-002
   118.00000000000000        3.8575473549384613E-002
   119.00000000000000        3.7933300304122460E-002
   120.00000000000000        3.7315732372321303E-002
   121.00000000000000        3.6721785165365103E-002
   122.00000000000000        3.6150493932105746E-002
   123.00000000000000        3.5600914469423692E-002
   124.00000000000000        3.5072123913335133E-002
   125.00000000000000        3.4563221594382465E-002
   126.00000000000000        3.4073329942043401E-002
   127.00000000000000        3.3601595423762655E-002
   128.00000000000000        3.3147189504943407E-002
   129.00000000000000        3.2709309616828448E-002
   130.00000000000000        3.2287180119666047E-002
   131.00000000000000        3.1880053248903716E-002
   132.00000000000000        3.1487210032410111E-002
   133.00000000000000        3.1107961166919360E-002
   134.00000000000000        3.0741647842053254E-002
   135.00000000000000        3.0387642500442780E-002
   136.00000000000000        3.0045349522673792E-002
   137.00000000000000        2.9714205826059846E-002
   138.00000000000000        2.9393681366627556E-002
   139.00000000000000        2.9083279534216928E-002
   140.00000000000000        2.8782537431271668E-002
   141.00000000000000        2.8491026026739936E-002
   142.00000000000000        2.8208350177534116E-002
   143.00000000000000        2.7934148511208005E-002
   144.00000000000000        2.7668093164897985E-002
   145.00000000000000        2.7409889377123974E-002
   146.00000000000000        2.7159274930736402E-002
   147.00000000000000        2.6916019447096425E-002
   148.00000000000000        2.6679923533456332E-002
   149.00000000000000        2.6450817787422511E-002
   150.00000000000000        2.6228561664296164E-002
   151.00000000000000        2.6013042214949194E-002
   152.00000000000000        2.5804172703662271E-002
   153.00000000000000        2.5601891116983990E-002
   154.00000000000000        2.5406158576125971E-002
   155.00000000000000        2.5216957666649848E-002
   156.00000000000000        2.5034290700200617E-002
   157.00000000000000        2.4858177923771957E-002
   158.00000000000000        2.4688655692436282E-002
   159.00000000000000        2.4525774621628384E-002
   160.00000000000000        2.4369597734937253E-002
   161.00000000000000        2.4220198622944212E-002
   162.00000000000000        2.4077659627964942E-002
   163.00000000000000        2.3942070068633546E-002
   164.00000000000000        2.3813524517139056E-002
   165.00000000000000        2.3692121140627583E-002
   166.00000000000000        2.3577960116858001E-002
   167.00000000000000        2.3471142132690029E-002
   168.00000000000000        2.3371766972437903E-002
   169.00000000000000        2.3279932201586938E-002
   170.00000000000000        2.3195731949887683E-002
   171.00000000000000        2.3119255796455289E-002
   172.00000000000000        2.3050587758246477E-002
   173.00000000000000        2.2989805382194192E-002
   174.00000000000000        2.2936978940374414E-002
   175.00000000000000        2.2892170726877482E-002
   176.00000000000000        2.2855434454565064E-002
   177.00000000000000        2.2826814749615322E-002
   178.00000000000000        2.2806346741682710E-002
   179.00000000000000        2.2794055747609961E-002
   180.00000000000000        2.2789957046905569E-002
