   0.0000000000000000        2.6228965048869091     
   1.0000000000000000        2.6228126109264736     
   2.0000000000000000        2.6225610050223223     
   3.0000000000000000        2.6221419149568854     
   4.0000000000000000        2.6215557198713131     
   5.0000000000000000        2.6208029495228842     
   6.0000000000000000        2.6198842832489309     
   7.0000000000000000        2.6188005486407699     
   8.0000000000000000        2.6175527199321609     
   9.0000000000000000        2.6161419161076909     
   10.000000000000000        2.6145693987374923     
   11.000000000000000        2.6128365695455367     
   12.000000000000000        2.6109449677196044     
   13.000000000000000        2.6088962669718789     
   14.000000000000000        2.6066922723598696     
   15.000000000000000        2.6043349168780852     
   16.000000000000000        2.6018262578315436     
   17.000000000000000        2.5991684730028886     
   18.000000000000000        2.5963638566253424     
   19.000000000000000        2.5934148151743499     
   20.000000000000000        2.5903238629911001     
   21.000000000000000        2.5870936177515977     
   22.000000000000000        2.5837267957952150     
   23.000000000000000        2.5802262073269491     
   24.000000000000000        2.5765947515077681     
   25.000000000000000        2.5728354114476342     
   26.000000000000000        2.5689512491157740     
   27.000000000000000        2.5649454001828658     
   28.000000000000000        2.5608210688096724     
   29.000000000000000        2.5565815223966308     
   30.000000000000000        2.5522300863086640     
   31.000000000000000        2.5477701385893146     
   32.000000000000000        2.5432051046779782     
   33.000000000000000        2.5385384521437415     
   34.000000000000000        2.5337736854489110     
   35.000000000000000        2.5289143407549233     
   36.000000000000000        2.5239639807828702     
   37.000000000000000        2.5189261897403803     
   38.000000000000000        2.5138045683260541     
   39.000000000000000        2.5086027288221064     
   40.000000000000000        2.5033242902852710     
   41.000000000000000        2.4979728738454301     
   42.000000000000000        2.4925520981207927     
   43.000000000000000        2.4870655747577506     
   44.000000000000000        2.4815169041030334     
   45.000000000000000        2.4759096710149002     
   46.000000000000000        2.4702474408196586     
   47.000000000000000        2.4645337554189366     
   48.000000000000000        2.4587721295526208     
   49.000000000000000        2.4529660472215919     
   50.000000000000000        2.4471189582738075     
   51.000000000000000        2.4412342751565954     
   52.000000000000000        2.4353153698374035     
   53.000000000000000        2.4293655708946336     
   54.000000000000000        2.4233881607795960     
   55.000000000000000        2.4173863732500207     
   56.000000000000000        2.4113633909750440     
   57.000000000000000        2.4053223433110142     
   58.000000000000000        2.3992663042469942     
   59.000000000000000        2.3931982905183427     
   60.000000000000000        2.3871212598862814     
   61.000000000000000        2.3810381095810063     
   62.000000000000000        2.3749516749054029     
   63.000000000000000        2.3688647279961570     
   64.000000000000000        2.3627799767386746     
   65.000000000000000        2.3567000638319215     
   66.000000000000000        2.3506275659990301     
   67.000000000000000        2.3445649933392918     
   68.000000000000000        2.3385147888168851     
   69.000000000000000        2.3324793278815892     
   70.000000000000000        2.3264609182164979     
   71.000000000000000        2.3204617996076649     
   72.000000000000000        2.3144841439304940     
   73.000000000000000        2.3085300552475978     
   74.000000000000000        2.3026015700128291     
   75.000000000000000        2.2967006573761224     
   76.000000000000000        2.2908292195837867     
   77.000000000000000        2.2849890924689236     
   78.000000000000000        2.2791820460266261     
   79.000000000000000        2.2734097850687496     
   80.000000000000000        2.2676739499529766     
   81.000000000000000        2.2619761173811357     
   82.000000000000000        2.2563178012617153     
   83.000000000000000        2.2507004536316573     
   84.000000000000000        2.2451254656326447     
   85.000000000000000        2.2395941685372178     
   86.000000000000000        2.2341078348201764     
   87.000000000000000        2.2286676792708988     
   88.000000000000000        2.2232748601423329     
   89.000000000000000        2.2179304803325817     
   90.000000000000000        2.2126355885951634     
   91.000000000000000        2.2073911807742004     
   92.000000000000000        2.2021982010609267     
   93.000000000000000        2.1970575432681057     
   94.000000000000000        2.1919700521190841     
   95.000000000000000        2.1869365245484000     
   96.000000000000000        2.1819577110109885     
   97.000000000000000        2.1770343167972666     
   98.000000000000000        2.1721670033514204     
   99.000000000000000        2.1673563895904913     
   100.00000000000000        2.1626030532219471     
   101.00000000000000        2.1579075320575689     
   102.00000000000000        2.1532703253216754     
   103.00000000000000        2.1486918949517833     
   104.00000000000000        2.1441726668900065     
   105.00000000000000        2.1397130323635549     
   106.00000000000000        2.1353133491528773     
   107.00000000000000        2.1309739428460923     
   108.00000000000000        2.1266951080784331     
   109.00000000000000        2.1224771097556134     
   110.00000000000000        2.1183201842600310     
   111.00000000000000        2.1142245406389204     
   112.00000000000000        2.1101903617735833     
   113.00000000000000        2.1062178055289480     
   114.00000000000000        2.1023070058827997     
   115.00000000000000        2.0984580740340597     
   116.00000000000000        2.0946710994896298     
   117.00000000000000        2.0909461511293070     
   118.00000000000000        2.0872832782484307     
   119.00000000000000        2.0836825115778863     
   120.00000000000000        2.0801438642812227     
   121.00000000000000        2.0766673329286736     
   122.00000000000000        2.0732528984478789     
   123.00000000000000        2.0699005270512187     
   124.00000000000000        2.0666101711396609     
   125.00000000000000        2.0633817701830863     
   126.00000000000000        2.0602152515770968     
   127.00000000000000        2.0571105314763196     
   128.00000000000000        2.0540675156042827     
   129.00000000000000        2.0510861000399752     
   130.00000000000000        2.0481661719811690     
   131.00000000000000        2.0453076104846972     
   132.00000000000000        2.0425102871838354     
   133.00000000000000        2.0397740669829960     
   134.00000000000000        2.0370988087299287     
   135.00000000000000        2.0344843658657141     
   136.00000000000000        2.0319305870527518     
   137.00000000000000        2.0294373167810598     
   138.00000000000000        2.0270043959531381     
   139.00000000000000        2.0246316624477521     
   140.00000000000000        2.0223189516629034     
   141.00000000000000        2.0200660970383599     
   142.00000000000000        2.0178729305580800     
   143.00000000000000        2.0157392832328704     
   144.00000000000000        2.0136649855636897     
   145.00000000000000        2.0116498679859243     
   146.00000000000000        2.0096937612950647     
   147.00000000000000        2.0077964970541493     
   148.00000000000000        2.0059579079833947     
   149.00000000000000        2.0041778283324194     
   150.00000000000000        2.0024560942354390     
   151.00000000000000        2.0007925440499221     
   152.00000000000000        1.9991870186790341     
   153.00000000000000        1.9976393618783765     
   154.00000000000000        1.9961494205473815     
   155.00000000000000        1.9947170450058134     
   156.00000000000000        1.9933420892557951     
   157.00000000000000        1.9920244112297747     
   158.00000000000000        1.9907638730248451     
   159.00000000000000        1.9895603411238303     
   160.00000000000000        1.9884136866035509     
   161.00000000000000        1.9873237853306511     
   162.00000000000000        1.9862905181453909     
   163.00000000000000        1.9853137710337907     
   164.00000000000000        1.9843934352884705     
   165.00000000000000        1.9835294076585810     
   166.00000000000000        1.9827215904891577     
   167.00000000000000        1.9819698918502193     
   168.00000000000000        1.9812742256559581     
   169.00000000000000        1.9806345117743058     
   170.00000000000000        1.9800506761271708     
   171.00000000000000        1.9795226507816228     
   172.00000000000000        1.9790503740322691     
   173.00000000000000        1.9786337904750517     
   174.00000000000000        1.9782728510727059     
   175.00000000000000        1.9779675132120338     
   176.00000000000000        1.9777177407532027     
   177.00000000000000        1.9775235040711954     
   178.00000000000000        1.9773847800895428     
   179.00000000000000        1.9773015523064625     
   180.00000000000000        1.9772738108134587     
