   0.0000000000000000       0.66405764520886912     
   1.0000000000000000       0.66375818931487152     
   2.0000000000000000       0.66286088233011442     
   3.0000000000000000       0.66136889933489973     
   4.0000000000000000       0.65928750882695164     
   5.0000000000000000       0.65662403800637847     
   6.0000000000000000       0.65338782464970069     
   7.0000000000000000       0.64959015604067660     
   8.0000000000000000       0.64524419554890911     
   9.0000000000000000       0.64036489756293291     
   10.000000000000000       0.63496891159119040     
   11.000000000000000       0.62907447644074221     
   12.000000000000000       0.62270130546859359     
   13.000000000000000       0.61587046397316347     
   14.000000000000000       0.60860423985297307     
   15.000000000000000       0.60092600870543456     
   16.000000000000000       0.59286009457042399     
   17.000000000000000       0.58443162754086153     
   18.000000000000000       0.57566639946594311     
   19.000000000000000       0.56659071896217272     
   20.000000000000000       0.55723126692341385     
   21.000000000000000       0.54761495368442137     
   22.000000000000000       0.53776877894357489     
   23.000000000000000       0.52771969549072528     
   24.000000000000000       0.51749447771630197     
   25.000000000000000       0.50711959579931454     
   26.000000000000000       0.49662109638588908     
   27.000000000000000       0.48602449047790242     
   28.000000000000000       0.47535464915445680     
   29.000000000000000       0.46463570764889150     
   30.000000000000000       0.45389097820205115     
   31.000000000000000       0.44314287201012859     
   32.000000000000000       0.43241283048383705     
   33.000000000000000       0.42172126593625137     
   34.000000000000000       0.41108751172055202     
   35.000000000000000       0.40052978174725645     
   36.000000000000000       0.39006513922418917     
   37.000000000000000       0.37970947438241204     
   38.000000000000000       0.36947749087818771     
   39.000000000000000       0.35938270049545895     
   40.000000000000000       0.34943742571566566     
   41.000000000000000       0.33965280967231126     
   42.000000000000000       0.33003883296666608     
   43.000000000000000       0.32060433678840611     
   44.000000000000000       0.31135705176069045     
   45.000000000000000       0.30230363191297877     
   46.000000000000000       0.29344969317645936     
   47.000000000000000       0.28479985579585182     
   48.000000000000000       0.27635779005708483     
   49.000000000000000       0.26812626474235146     
   50.000000000000000       0.26010719774167951     
   51.000000000000000       0.25230170827278042     
   52.000000000000000       0.24471017018784699     
   53.000000000000000       0.23733226587648176     
   54.000000000000000       0.23016704030734342     
   55.000000000000000       0.22321295478672878     
   56.000000000000000       0.21646794004949282     
   57.000000000000000       0.20992944833584037     
   58.000000000000000       0.20359450414601085     
   59.000000000000000       0.19745975340319058     
   60.000000000000000       0.19152151079265295     
   61.000000000000000       0.18577580508171904     
   62.000000000000000       0.18021842226029622     
   63.000000000000000       0.17484494637517511     
   64.000000000000000       0.16965079796272653     
   65.000000000000000       0.16463127001393157     
   66.000000000000000       0.15978156143269021     
   67.000000000000000       0.15509680797299780     
   68.000000000000000       0.15057211066282714     
   69.000000000000000       0.14620256174241833     
   70.000000000000000       0.14198326816219783     
   71.000000000000000       0.13790937270081380     
   72.000000000000000       0.13397607277686832     
   73.000000000000000       0.13017863703899149     
   74.000000000000000       0.12651241982805281     
   75.000000000000000       0.12297287361270200     
   76.000000000000000       0.11955555950521089     
   77.000000000000000       0.11625615596890596     
   78.000000000000000       0.11307046583148331     
   79.000000000000000       0.10999442172032005     
   80.000000000000000       0.10702409003667507     
   81.000000000000000       0.10415567358552928     
   82.000000000000000       0.10138551297685942     
   83.000000000000000        9.8710086912476791E-002
   84.000000000000000        9.6126011470275510E-002
   85.000000000000000        9.3630038494910001E-002
   86.000000000000000        9.1219053200618599E-002
   87.000000000000000        8.8890071088200379E-002
   88.000000000000000        8.6640234274072830E-002
   89.000000000000000        8.4466807324952292E-002
   90.000000000000000        8.2367172687029769E-002
   91.000000000000000        8.0338825793614288E-002
   92.000000000000000        7.8379369930108925E-002
   93.000000000000000        7.6486510929910087E-002
   94.000000000000000        7.4658051769410233E-002
   95.000000000000000        7.2891887124772861E-002
   96.000000000000000        7.1185997947569052E-002
   97.000000000000000        6.9538446110759086E-002
   98.000000000000000        6.7947369170900010E-002
   99.000000000000000        6.6410975286909146E-002
   100.00000000000000        6.4927538330246656E-002
   101.00000000000000        6.3495393216038712E-002
   102.00000000000000        6.2112931479493788E-002
   103.00000000000000        6.0778597116991816E-002
   104.00000000000000        5.9490882706501054E-002
   105.00000000000000        5.8248325817523088E-002
   106.00000000000000        5.7049505716616593E-002
   107.00000000000000        5.5893040370728793E-002
   108.00000000000000        5.4777583747091879E-002
   109.00000000000000        5.3701823405329759E-002
   110.00000000000000        5.2664478374681113E-002
   111.00000000000000        5.1664297306878319E-002
   112.00000000000000        5.0700056893220241E-002
   113.00000000000000        4.9770560532738213E-002
   114.00000000000000        4.8874637237052293E-002
   115.00000000000000        4.8011140756538673E-002
   116.00000000000000        4.7178948911744477E-002
   117.00000000000000        4.6376963113571708E-002
   118.00000000000000        4.5604108055570081E-002
   119.00000000000000        4.4859331561701875E-002
   120.00000000000000        4.4141604573130121E-002
   121.00000000000000        4.3449921257908662E-002
   122.00000000000000        4.2783299227879872E-002
   123.00000000000000        4.2140779847586719E-002
   124.00000000000000        4.1521428620555141E-002
   125.00000000000000        4.0924335638870414E-002
   126.00000000000000        4.0348616082546938E-002
   127.00000000000000        3.9793410755751005E-002
   128.00000000000000        3.9257886647478112E-002
   129.00000000000000        3.8741237504797306E-002
   130.00000000000000        3.8242684407260530E-002
   131.00000000000000        3.7761476331531173E-002
   132.00000000000000        3.7296890695724512E-002
   133.00000000000000        3.6848233873379196E-002
   134.00000000000000        3.6414841667406730E-002
   135.00000000000000        3.5996079734806868E-002
   136.00000000000000        3.5591343953405533E-002
   137.00000000000000        3.5200060722381160E-002
   138.00000000000000        3.4821687188907956E-002
   139.00000000000000        3.4455711393871546E-002
   140.00000000000000        3.4101652330313155E-002
   141.00000000000000        3.3759059909036535E-002
   142.00000000000000        3.3427514826673145E-002
   143.00000000000000        3.3106628332441303E-002
   144.00000000000000        3.2796041890852334E-002
   145.00000000000000        3.2495426738700345E-002
   146.00000000000000        3.2204483335812772E-002
   147.00000000000000        3.1922940710219012E-002
   148.00000000000000        3.1650555699598397E-002
   149.00000000000000        3.1387112092075745E-002
   150.00000000000000        3.1132419670620526E-002
   151.00000000000000        3.0886313166454415E-002
   152.00000000000000        3.0648651127956377E-002
   153.00000000000000        3.0419314712555615E-002
   154.00000000000000        3.0198206409997815E-002
   155.00000000000000        2.9985248706144298E-002
   156.00000000000000        2.9780382697098089E-002
   157.00000000000000        2.9583566663937300E-002
   158.00000000000000        2.9394774618664053E-002
   159.00000000000000        2.9213994832141786E-002
   160.00000000000000        2.9041228354800348E-002
   161.00000000000000        2.8876487540732267E-002
   162.00000000000000        2.8719794585504149E-002
   163.00000000000000        2.8571180087566733E-002
   164.00000000000000        2.8430681642589311E-002
   165.00000000000000        2.8298342479381466E-002
   166.00000000000000        2.8174210145323588E-002
   167.00000000000000        2.8058335248425076E-002
   168.00000000000000        2.7950770262292129E-002
   169.00000000000000        2.7851568399438215E-002
   170.00000000000000        2.7760782557529350E-002
   171.00000000000000        2.7678464342349614E-002
   172.00000000000000        2.7604663170513081E-002
   173.00000000000000        2.7539425454256472E-002
   174.00000000000000        2.7482793870033655E-002
   175.00000000000000        2.7434806712107494E-002
   176.00000000000000        2.7395497331902136E-002
   177.00000000000000        2.7364893663541449E-002
   178.00000000000000        2.7343017835751642E-002
   179.00000000000000        2.7329885870145280E-002
   180.00000000000000        2.7325507465815645E-002
