   0.0000000000000000       0.35520598467501274     
   1.0000000000000000       0.35520157262402346     
   2.0000000000000000       0.35518833817992412     
   3.0000000000000000       0.35516628646829940     
   4.0000000000000000       0.35513542602838238     
   5.0000000000000000       0.35509576880794769     
   6.0000000000000000       0.35504733015616896     
   7.0000000000000000       0.35499012881444852     
   8.0000000000000000       0.35492418690522914     
   9.0000000000000000       0.35484952991880070     
   10.000000000000000       0.35476618669811377     
   11.000000000000000       0.35467418942161905     
   12.000000000000000       0.35457357358414721     
   13.000000000000000       0.35446437797585467     
   14.000000000000000       0.35434664465925164     
   15.000000000000000       0.35422041894434159     
   16.000000000000000       0.35408574936189535     
   17.000000000000000       0.35394268763488906     
   18.000000000000000       0.35379128864813603     
   19.000000000000000       0.35363161041614521     
   20.000000000000000       0.35346371404923516     
   21.000000000000000       0.35328766371794640     
   22.000000000000000       0.35310352661578126     
   23.000000000000000       0.35291137292031449     
   24.000000000000000       0.35271127575271288     
   25.000000000000000       0.35250331113570532     
   26.000000000000000       0.35228755795004479     
   27.000000000000000       0.35206409788950971     
   28.000000000000000       0.35183301541448586     
   29.000000000000000       0.35159439770417827     
   30.000000000000000       0.35134833460749870     
   31.000000000000000       0.35109491859267872     
   32.000000000000000       0.35083424469565644     
   33.000000000000000       0.35056641046729020     
   34.000000000000000       0.35029151591944507     
   35.000000000000000       0.35000966347001133     
   36.000000000000000       0.34972095788689977     
   37.000000000000000       0.34942550623107360     
   38.000000000000000       0.34912341779866590     
   39.000000000000000       0.34881480406224047     
   40.000000000000000       0.34849977861124648     
   41.000000000000000       0.34817845709172479     
   42.000000000000000       0.34785095714532055     
   43.000000000000000       0.34751739834765355     
   44.000000000000000       0.34717790214610755     
   45.000000000000000       0.34683259179708636     
   46.000000000000000       0.34648159230279685     
   47.000000000000000       0.34612503034761205     
   48.000000000000000       0.34576303423406746     
   49.000000000000000       0.34539573381854671     
   50.000000000000000       0.34502326044670739     
   51.000000000000000       0.34464574688870425     
   52.000000000000000       0.34426332727425812     
   53.000000000000000       0.34387613702762654     
   54.000000000000000       0.34348431280252345     
   55.000000000000000       0.34308799241704424     
   56.000000000000000       0.34268731478863990     
   57.000000000000000       0.34228241986919283     
   58.000000000000000       0.34187344858024349     
   59.000000000000000       0.34146054274841348     
   60.000000000000000       0.34104384504106972     
   61.000000000000000       0.34062349890227966     
   62.000000000000000       0.34019964848909834     
   63.000000000000000       0.33977243860823120     
   64.000000000000000       0.33934201465311409     
   65.000000000000000       0.33890852254145465     
   66.000000000000000       0.33847210865326888     
   67.000000000000000       0.33803291976945732     
   68.000000000000000       0.33759110301095374     
   69.000000000000000       0.33714680577848372     
   70.000000000000000       0.33670017569296806     
   71.000000000000000       0.33625136053660387     
   72.000000000000000       0.33580050819465374     
   73.000000000000000       0.33534776659797555     
   74.000000000000000       0.33489328366632115     
   75.000000000000000       0.33443720725243070     
   76.000000000000000       0.33397968508694997     
   77.000000000000000       0.33352086472419479     
   78.000000000000000       0.33306089348878615     
   79.000000000000000       0.33259991842317843     
   80.000000000000000       0.33213808623610019     
   81.000000000000000       0.33167554325192783     
   82.000000000000000       0.33121243536100786     
   83.000000000000000       0.33074890797094808     
   84.000000000000000       0.33028510595888622     
   85.000000000000000       0.32982117362475666     
   86.000000000000000       0.32935725464556237     
   87.000000000000000       0.32889349203066165     
   88.000000000000000       0.32843002807808769     
   89.000000000000000       0.32796700433189679     
   90.000000000000000       0.32750456154056207     
   91.000000000000000       0.32704283961641234     
   92.000000000000000       0.32658197759612345     
   93.000000000000000       0.32612211360226206     
   94.000000000000000       0.32566338480588725     
   95.000000000000000       0.32520592739020721     
   96.000000000000000       0.32474987651529197     
   97.000000000000000       0.32429536628383943     
   98.000000000000000       0.32384252970799426     
   99.000000000000000       0.32339149867721112     
   100.00000000000000       0.32294240392716178     
   101.00000000000000       0.32249537500967707     
   102.00000000000000       0.32205054026371943     
   103.00000000000000       0.32160802678737277     
   104.00000000000000       0.32116796041084739     
   105.00000000000000       0.32073046567048563     
   106.00000000000000       0.32029566578375912     
   107.00000000000000       0.31986368262524523     
   108.00000000000000       0.31943463670357175     
   109.00000000000000       0.31900864713931565     
   110.00000000000000       0.31858583164384247     
   111.00000000000000       0.31816630649907202     
   112.00000000000000       0.31775018653815540     
   113.00000000000000       0.31733758512704696     
   114.00000000000000       0.31692861414695650     
   115.00000000000000       0.31652338397766094     
   116.00000000000000       0.31612200348166514     
   117.00000000000000       0.31572457998918574     
   118.00000000000000       0.31533121928394647     
   119.00000000000000       0.31494202558976298     
   120.00000000000000       0.31455710155789735     
   121.00000000000000       0.31417654825516672     
   122.00000000000000       0.31380046515278293     
   123.00000000000000       0.31342895011590294     
   124.00000000000000       0.31306209939387292     
   125.00000000000000       0.31270000761114392     
   126.00000000000000       0.31234276775883602     
   127.00000000000000       0.31199047118693540     
   128.00000000000000       0.31164320759709918     
   129.00000000000000       0.31130106503604826     
   130.00000000000000       0.31096412988952798     
   131.00000000000000       0.31063248687681488     
   132.00000000000000       0.31030621904574845     
   133.00000000000000       0.30998540776826650     
   134.00000000000000       0.30967013273642358     
   135.00000000000000       0.30936047195887190     
   136.00000000000000       0.30905650175778349     
   137.00000000000000       0.30875829676619115     
   138.00000000000000       0.30846592992573157     
   139.00000000000000       0.30817947248476596     
   140.00000000000000       0.30789899399686027     
   141.00000000000000       0.30762456231960539     
   142.00000000000000       0.30735624361375424     
   143.00000000000000       0.30709410234266149     
   144.00000000000000       0.30683820127200118     
   145.00000000000000       0.30658860146974604     
   146.00000000000000       0.30634536230639087     
   147.00000000000000       0.30610854145539712     
   148.00000000000000       0.30587819489384627     
   149.00000000000000       0.30565437690327985     
   150.00000000000000       0.30543714007071054     
   151.00000000000000       0.30522653528978805     
   152.00000000000000       0.30502261176209960     
   153.00000000000000       0.30482541699859600     
   154.00000000000000       0.30463499682111733     
   155.00000000000000       0.30445139536401439     
   156.00000000000000       0.30427465507583956     
   157.00000000000000       0.30410481672110307     
   158.00000000000000       0.30394191938207171     
   159.00000000000000       0.30378600046060422     
   160.00000000000000       0.30363709568000369     
   161.00000000000000       0.30349523908687909     
   162.00000000000000       0.30336046305300207     
   163.00000000000000       0.30323279827714694     
   164.00000000000000       0.30311227378690403     
   165.00000000000000       0.30299891694045550     
   166.00000000000000       0.30289275342830363     
   167.00000000000000       0.30279380727494154     
   168.00000000000000       0.30270210084045895     
   169.00000000000000       0.30261765482207259     
   170.00000000000000       0.30254048825557622     
   171.00000000000000       0.30247061851669937     
   172.00000000000000       0.30240806132237258     
   173.00000000000000       0.30235283073188868     
   174.00000000000000       0.30230493914795825     
   175.00000000000000       0.30226439731765076     
   176.00000000000000       0.30223121433322153     
   177.00000000000000       0.30220539763281551     
   178.00000000000000       0.30218695300104859     
   179.00000000000000       0.30217588456946320     
   180.00000000000000       0.30217219481685398     
