   0.0000000000000000        1.4886549717999873     
   1.0000000000000000        1.4884780275978255     
   2.0000000000000000        1.4879474895137708     
   3.0000000000000000        1.4870642400752621     
   4.0000000000000000        1.4858297467011283     
   5.0000000000000000        1.4842460565320534     
   6.0000000000000000        1.4823157892346874     
   7.0000000000000000        1.4800421278204630     
   8.0000000000000000        1.4774288075313349     
   9.0000000000000000        1.4744801028554078     
   10.000000000000000        1.4712008127456719     
   11.000000000000000        1.4675962441246875     
   12.000000000000000        1.4636721937671149     
   13.000000000000000        1.4594349286602466     
   14.000000000000000        1.4548911649501981     
   15.000000000000000        1.4500480455881217     
   16.000000000000000        1.4449131167965878     
   17.000000000000000        1.4394943034811956     
   18.000000000000000        1.4337998837164325     
   19.000000000000000        1.4278384624378444     
   20.000000000000000        1.4216189444746221     
   21.000000000000000        1.4151505070578505     
   22.000000000000000        1.4084425719398195     
   23.000000000000000        1.4015047772590714     
   24.000000000000000        1.3943469492841956     
   25.000000000000000        1.3869790741668806     
   26.000000000000000        1.3794112698314158     
   27.000000000000000        1.3716537581237243     
   28.000000000000000        1.3637168373381996     
   29.000000000000000        1.3556108552351385     
   30.000000000000000        1.3473461826554831     
   31.000000000000000        1.3389331878329844     
   32.000000000000000        1.3303822114968349     
   33.000000000000000        1.3217035428503379     
   34.000000000000000        1.3129073965034301     
   35.000000000000000        1.3040038904288291     
   36.000000000000000        1.2950030250033695     
   37.000000000000000        1.2859146631878218     
   38.000000000000000        1.2767485118900863     
   39.000000000000000        1.2675141045484113     
   40.000000000000000        1.2582207849630058     
   41.000000000000000        1.2488776923964020     
   42.000000000000000        1.2394937479550445     
   43.000000000000000        1.2300776422569846     
   44.000000000000000        1.2206378243833098     
   45.000000000000000        1.2111824921039616     
   46.000000000000000        1.2017195833620768     
   47.000000000000000        1.1922567689948556     
   48.000000000000000        1.1828014466632595     
   49.000000000000000        1.1733607359576488     
   50.000000000000000        1.1639414746417147     
   51.000000000000000        1.1545502159928269     
   52.000000000000000        1.1451932271931655     
   53.000000000000000        1.1358764887227750     
   54.000000000000000        1.1266056947029086     
   55.000000000000000        1.1173862541357948     
   56.000000000000000        1.1082232929851610     
   57.000000000000000        1.0991216570405400     
   58.000000000000000        1.0900859155075193     
   59.000000000000000        1.0811203652656425     
   60.000000000000000        1.0722290357356363     
   61.000000000000000        1.0634156942979840     
   62.000000000000000        1.0546838522055428     
   63.000000000000000        1.0460367709339422     
   64.000000000000000        1.0374774689147985     
   65.000000000000000        1.0290087285983720     
   66.000000000000000        1.0206331037941250     
   67.000000000000000        1.0123529272396470     
   68.000000000000000        1.0041703183506541     
   69.000000000000000       0.99608719110711663     
   70.000000000000000       0.98810526203306215     
   71.000000000000000       0.98022605823018460     
   72.000000000000000       0.97245092542806022     
   73.000000000000000       0.96478103601645282     
   74.000000000000000       0.95721739702794129     
   75.000000000000000       0.94976085804182253     
   76.000000000000000       0.94241211898295008     
   77.000000000000000       0.93517173779186036     
   78.000000000000000       0.92804013794514517     
   79.000000000000000       0.92101761580758967     
   80.000000000000000       0.91410434780007621     
   81.000000000000000       0.90730039736961088     
   82.000000000000000       0.90060572175012155     
   83.000000000000000       0.89402017850483484     
   84.000000000000000       0.88754353184306656     
   85.000000000000000       0.88117545870619396     
   86.000000000000000       0.87491555461934478     
   87.000000000000000       0.86876333930700467     
   88.000000000000000       0.86271826207224878     
   89.000000000000000       0.85677970694070094     
   90.000000000000000       0.85094699757154835     
   91.000000000000000       0.84521940193908607     
   92.000000000000000       0.83959613678921985     
   93.000000000000000       0.83407637187623329     
   94.000000000000000       0.82865923398586083     
   95.000000000000000       0.82334381075131136     
   96.000000000000000       0.81812915426941346     
   97.000000000000000       0.81301428452444047     
   98.000000000000000       0.80799819262747286     
   99.000000000000000       0.80307984387937326     
   100.00000000000000       0.79825818066555276     
   101.00000000000000       0.79353212519076743     
   102.00000000000000       0.78890058206212876     
   103.00000000000000       0.78436244072843875     
   104.00000000000000       0.77991657778378298     
   105.00000000000000       0.77556185914312481     
   106.00000000000000       0.77129714209738709     
   107.00000000000000       0.76712127725520840     
   108.00000000000000       0.76303311037826782     
   109.00000000000000       0.75903148411669918     
   110.00000000000000       0.75511523965076399     
   111.00000000000000       0.75128321824458577     
   112.00000000000000       0.74753426271734158     
   113.00000000000000       0.74386721883692919     
   114.00000000000000       0.74028093664074601     
   115.00000000000000       0.73677427168781640     
   116.00000000000000       0.73334608624613895     
   117.00000000000000       0.72999525041876345     
   118.00000000000000       0.72672064321175189     
   119.00000000000000       0.72352115354684399     
   120.00000000000000       0.72039568122134645     
   121.00000000000000       0.71734313781745573     
   122.00000000000000       0.71436244756296841     
   123.00000000000000       0.71145254814507364     
   124.00000000000000       0.70861239147869792     
   125.00000000000000       0.70584094443068945     
   126.00000000000000       0.70313718950091808     
   127.00000000000000       0.70050012546125306     
   128.00000000000000       0.69792876795321845     
   129.00000000000000       0.69542215004503738     
   130.00000000000000       0.69297932274868834     
   131.00000000000000       0.69059935549752627     
   132.00000000000000       0.68828133658498203     
   133.00000000000000       0.68602437356483192     
   134.00000000000000       0.68382759361351131     
   135.00000000000000       0.68169014385496474     
   136.00000000000000       0.67961119164853723     
   137.00000000000000       0.67758992484045977     
   138.00000000000000       0.67562555197951502     
   139.00000000000000       0.67371730249753958     
   140.00000000000000       0.67186442685547110     
   141.00000000000000       0.67006619665573997     
   142.00000000000000       0.66832190472185915     
   143.00000000000000       0.66663086514616898     
   144.00000000000000       0.66499241330677039     
   145.00000000000000       0.66340590585475900     
   146.00000000000000       0.66187072067297159     
   147.00000000000000       0.66038625680752772     
   148.00000000000000       0.65895193437354249     
   149.00000000000000       0.65756719443646017     
   150.00000000000000       0.65623149887052445     
   151.00000000000000       0.65494433019598930     
   152.00000000000000       0.65370519139671768     
   153.00000000000000       0.65251360571988148     
   154.00000000000000       0.65136911645952400     
   155.00000000000000       0.65027128672578427     
   156.00000000000000       0.64921969920161693     
   157.00000000000000       0.64821395588886777     
   158.00000000000000       0.64725367784557208     
   159.00000000000000       0.64633850491636535     
   160.00000000000000       0.64546809545787265     
   161.00000000000000       0.64464212606095650     
   162.00000000000000       0.64386029127165689     
   163.00000000000000       0.64312230331265563     
   164.00000000000000       0.64242789180703741     
   165.00000000000000       0.64177680350609589     
   166.00000000000000       0.64116880202286142     
   167.00000000000000       0.64060366757299259     
   168.00000000000000       0.64008119672457475     
   169.00000000000000       0.63960120215833649     
   170.00000000000000       0.63916351243967895     
   171.00000000000000       0.63876797180385525     
   172.00000000000000       0.63841443995553582     
   173.00000000000000       0.63810279188390906     
   174.00000000000000       0.63783291769436368     
   175.00000000000000       0.63760472245769872     
   176.00000000000000       0.63741812607771065     
   177.00000000000000       0.63727306317789179     
   178.00000000000000       0.63716948300786480     
   179.00000000000000       0.63710734937007152     
   180.00000000000000       0.63708664056711828     
