   0.0000000000000000       0.72428900421470288     
   1.0000000000000000       0.72380755353359205     
   2.0000000000000000       0.72236550999008731     
   3.0000000000000000       0.71996977950279084     
   4.0000000000000000       0.71663180690290995     
   5.0000000000000000       0.71236747920862686     
   6.0000000000000000       0.70719699184428131     
   7.0000000000000000       0.70114467940920866     
   8.0000000000000000       0.69423881301702450     
   9.0000000000000000       0.68651136661129142     
   10.000000000000000       0.67799775501206549     
   11.000000000000000       0.66873654675486116     
   12.000000000000000       0.65876915504475719     
   13.000000000000000       0.64813951036027562     
   14.000000000000000       0.63689371840169151     
   15.000000000000000       0.62507970718490669     
   16.000000000000000       0.61274686713425908     
   17.000000000000000       0.59994568802575032     
   18.000000000000000       0.58672739657734319     
   19.000000000000000       0.57314359837714679     
   20.000000000000000       0.55924592768631476     
   21.000000000000000       0.54508570845487581     
   22.000000000000000       0.53071362964973767     
   23.000000000000000       0.51617943771962160     
   24.000000000000000       0.50153164871695044     
   25.000000000000000       0.48681728226743504     
   26.000000000000000       0.47208161923020042     
   27.000000000000000       0.45736798453084532     
   28.000000000000000       0.44271755628288040     
   29.000000000000000       0.42816920194558850     
   30.000000000000000       0.41375934190423175     
   31.000000000000000       0.39952184050719347     
   32.000000000000000       0.38548792425918199     
   33.000000000000000       0.37168612655459771     
   34.000000000000000       0.35814225804466004     
   35.000000000000000       0.34487940146934082     
   36.000000000000000       0.33191792955332439     
   37.000000000000000       0.31927554436627620     
   38.000000000000000       0.30696733638303797     
   39.000000000000000       0.29500586134977153     
   40.000000000000000       0.28340123296759873     
   41.000000000000000       0.27216122934540071     
   42.000000000000000       0.26129141114697507     
   43.000000000000000       0.25079524936304981     
   44.000000000000000       0.24067426067351663     
   45.000000000000000       0.23092814842710865     
   46.000000000000000       0.22155494735170170     
   47.000000000000000       0.21255117021526021     
   48.000000000000000       0.20391195478185659     
   49.000000000000000       0.19563120954569033     
   50.000000000000000       0.18770175687514354     
   51.000000000000000       0.18011547235522285     
   52.000000000000000       0.17286341927692200     
   53.000000000000000       0.16593597738298743     
   54.000000000000000       0.15932296513837671     
   55.000000000000000       0.15301375494775760     
   56.000000000000000       0.14699738088940062     
   57.000000000000000       0.14126263867282898     
   58.000000000000000       0.13579817765499144     
   59.000000000000000       0.13059258486530154     
   60.000000000000000       0.12563446109277432     
   61.000000000000000       0.12091248917816784     
   62.000000000000000       0.11641549473034658     
   63.000000000000000       0.11213249954914213     
   64.000000000000000       0.10805276808723065     
   65.000000000000000       0.10416584732162019     
   66.000000000000000       0.10046160043212347     
   67.000000000000000        9.6930234700701765E-002
   68.000000000000000        9.3562324052965398E-002
   69.000000000000000        9.0348826662626489E-002
   70.000000000000000        8.7281098032596566E-002
   71.000000000000000        8.4350899953974948E-002
   72.000000000000000        8.1550405727612435E-002
   73.000000000000000        7.8872202013439724E-002
   74.000000000000000        7.6309287651384311E-002
   75.000000000000000        7.3855069775442470E-002
   76.000000000000000        7.1503357520143834E-002
   77.000000000000000        6.9248353596947795E-002
   78.000000000000000        6.7084643997589288E-002
   79.000000000000000        6.5007186062441061E-002
   80.000000000000000        6.3011295134849571E-002
   81.000000000000000        6.1092630007247045E-002
   82.000000000000000        5.9247177351655800E-002
   83.000000000000000        5.7471235315876390E-002
   84.000000000000000        5.5761396457000206E-002
   85.000000000000000        5.4114530175650516E-002
   86.000000000000000        5.2527764807227803E-002
   87.000000000000000        5.0998469520074488E-002
   88.000000000000000        4.9524236164536148E-002
   89.000000000000000        4.8102861211042083E-002
   90.000000000000000        4.6732327909241346E-002
   91.000000000000000        4.5410788793636102E-002
   92.000000000000000        4.4136548653828336E-002
   93.000000000000000        4.2908048079265716E-002
   94.000000000000000        4.1723847679141904E-002
   95.000000000000000        4.0582613067831882E-002
   96.000000000000000        3.9483100694960201E-002
   97.000000000000000        3.8424144586996514E-002
   98.000000000000000        3.7404644054302626E-002
   99.000000000000000        3.6423552404017318E-002
   100.00000000000000        3.5479866685296783E-002
   101.00000000000000        3.4572618479502701E-002
   102.00000000000000        3.3700865734228320E-002
   103.00000000000000        3.2863685626869255E-002
   104.00000000000000        3.2060168431063525E-002
   105.00000000000000        3.1289412348009034E-002
   106.00000000000000        3.0550519254655385E-002
   107.00000000000000        2.9842591312257975E-002
   108.00000000000000        2.9164728371929315E-002
   109.00000000000000        2.8516026108730289E-002
   110.00000000000000        2.7895574812558561E-002
   111.00000000000000        2.7302458762607368E-002
   112.00000000000000        2.6735756112422546E-002
   113.00000000000000        2.6194539214465223E-002
   114.00000000000000        2.5677875316430582E-002
   115.00000000000000        2.5184827566177147E-002
   116.00000000000000        2.4714456267750502E-002
   117.00000000000000        2.4265820337381536E-002
   118.00000000000000        2.3837978915225305E-002
   119.00000000000000        2.3429993095707362E-002
   120.00000000000000        2.3040927746381262E-002
   121.00000000000000        2.2669853391919955E-002
   122.00000000000000        2.2315848146026152E-002
   123.00000000000000        2.1977999679451056E-002
   124.00000000000000        2.1655407216792572E-002
   125.00000000000000        2.1347183558179179E-002
   126.00000000000000        2.1052457124262302E-002
   127.00000000000000        2.0770374024109018E-002
   128.00000000000000        2.0500100145631681E-002
   129.00000000000000        2.0240823267178597E-002
   130.00000000000000        1.9991755186951541E-002
   131.00000000000000        1.9752133864158913E-002
   132.00000000000000        1.9521225562438654E-002
   133.00000000000000        1.9298326982293855E-002
   134.00000000000000        1.9082767365296648E-002
   135.00000000000000        1.8873910548856798E-002
   136.00000000000000        1.8671156946643383E-002
   137.00000000000000        1.8473945426504872E-002
   138.00000000000000        1.8281755055146821E-002
   139.00000000000000        1.8094106677065833E-002
   140.00000000000000        1.7910564294437156E-002
   141.00000000000000        1.7730736214908852E-002
   142.00000000000000        1.7554275935622997E-002
   143.00000000000000        1.7380882734276234E-002
   144.00000000000000        1.7210301941615883E-002
   145.00000000000000        1.7042324874369484E-002
   146.00000000000000        1.6876788413109987E-002
   147.00000000000000        1.6713574215814226E-002
   148.00000000000000        1.6552607564699475E-002
   149.00000000000000        1.6393855851113456E-002
   150.00000000000000        1.6237326710588182E-002
   151.00000000000000        1.6083065827414752E-002
   152.00000000000000        1.5931154435025241E-002
   153.00000000000000        1.5781706544856080E-002
   154.00000000000000        1.5634865942006918E-002
   155.00000000000000        1.5490802990719204E-002
   156.00000000000000        1.5349711296322838E-002
   157.00000000000000        1.5211804272722567E-002
   158.00000000000000        1.5077311665637886E-002
   159.00000000000000        1.4946476081636424E-002
   160.00000000000000        1.4819549571520161E-002
   161.00000000000000        1.4696790313886231E-002
   162.00000000000000        1.4578459440785532E-002
   163.00000000000000        1.4464818042473793E-002
   164.00000000000000        1.4356124382458901E-002
   165.00000000000000        1.4252631347588212E-002
   166.00000000000000        1.4154584151008705E-002
   167.00000000000000        1.4062218298699938E-002
   168.00000000000000        1.3975757823161088E-002
   169.00000000000000        1.3895413780964441E-002
   170.00000000000000        1.3821383004490323E-002
   171.00000000000000        1.3753847092439955E-002
   172.00000000000000        1.3692971618862673E-002
   173.00000000000000        1.3638905536582140E-002
   174.00000000000000        1.3591780748174768E-002
   175.00000000000000        1.3551711816115681E-002
   176.00000000000000        1.3518795783391756E-002
   177.00000000000000        1.3493112076775079E-002
   178.00000000000000        1.3474722466995092E-002
   179.00000000000000        1.3463671063146429E-002
   180.00000000000000        1.3459984322686747E-002
