   0.0000000000000000        1.0182933376161303     
   1.0000000000000000        1.0175909430285948     
   2.0000000000000000        1.0154873194612666     
   3.0000000000000000        1.0119931157240243     
   4.0000000000000000        1.0071259743147285     
   5.0000000000000000        1.0009103745393313     
   6.0000000000000000       0.99337741565303661     
   7.0000000000000000       0.98456454274226268     
   8.0000000000000000       0.97451521876927860     
   9.0000000000000000       0.96327854684923986     
   10.000000000000000       0.95090884741302750     
   11.000000000000000       0.93746519542001228     
   12.000000000000000       0.92301092321529055     
   13.000000000000000       0.90761309497015896     
   14.000000000000000       0.89134195889827983     
   15.000000000000000       0.87427038360050002     
   16.000000000000000       0.85647328495760811     
   17.000000000000000       0.83802704996314126     
   18.000000000000000       0.81900896376995758     
   19.000000000000000       0.79949664601859050     
   20.000000000000000       0.77956750222766569     
   21.000000000000000       0.75929819566361512     
   22.000000000000000       0.73876414467629903     
   23.000000000000000       0.71803904999790225     
   24.000000000000000       0.69719445596411800     
   25.000000000000000       0.67629934903950895     
   26.000000000000000       0.65541979642362236     
   27.000000000000000       0.63461862689176018     
   28.000000000000000       0.61395515539503909     
   29.000000000000000       0.59348495231903442     
   30.000000000000000       0.57325965768898801     
   31.000000000000000       0.55332684002170163     
   32.000000000000000       0.53372989896856993     
   33.000000000000000       0.51450801037836524     
   34.000000000000000       0.49569611193920166     
   35.000000000000000       0.47732492714202363     
   36.000000000000000       0.45942102494736942     
   37.000000000000000       0.44200691223620658     
   38.000000000000000       0.42510115588608499     
   39.000000000000000       0.40871853113641909     
   40.000000000000000       0.39287019279075974     
   41.000000000000000       0.37756386574778450     
   42.000000000000000       0.36280405135366095     
   43.000000000000000       0.34859224612280748     
   44.000000000000000       0.33492716947736612     
   45.000000000000000       0.32180499730280648     
   46.000000000000000       0.30921959830234369     
   47.000000000000000       0.29716277035018290     
   48.000000000000000       0.28562447428677024     
   49.000000000000000       0.27459306286184992     
   50.000000000000000       0.26405550280689155     
   51.000000000000000       0.25399758830127372     
   52.000000000000000       0.24440414438065280     
   53.000000000000000       0.23525921911587425     
   54.000000000000000       0.22654626366166636     
   55.000000000000000       0.21824829953197047     
   56.000000000000000       0.21034807269939695     
   57.000000000000000       0.20282819433703145     
   58.000000000000000       0.19567126821933289     
   59.000000000000000       0.18886000497361638     
   60.000000000000000       0.18237732352367422     
   61.000000000000000       0.17620644019221213     
   62.000000000000000       0.17033094602931426     
   63.000000000000000       0.16473487301097078     
   64.000000000000000       0.15940274980618974     
   65.000000000000000       0.15431964784510224     
   66.000000000000000       0.14947121843585498     
   67.000000000000000       0.14484372167725854     
   68.000000000000000       0.14042404789959212     
   69.000000000000000       0.13619973234018248     
   70.000000000000000       0.13215896372588895     
   71.000000000000000       0.12829058739389204     
   72.000000000000000       0.12458410353748567     
   73.000000000000000       0.12102966111702615     
   74.000000000000000       0.11761804792965448     
   75.000000000000000       0.11434067728647040     
   76.000000000000000       0.11118957170379788     
   77.000000000000000       0.10815734397702909     
   78.000000000000000       0.10523717597194347     
   79.000000000000000       0.10242279543976376     
   80.000000000000000        9.9708451138626836E-002
   81.000000000000000        9.7088886525463783E-002
   82.000000000000000        9.4559312268131829E-002
   83.000000000000000        9.2115377817460362E-002
   84.000000000000000        8.9753142271960754E-002
   85.000000000000000        8.7469044763512888E-002
   86.000000000000000        8.5259874589510287E-002
   87.000000000000000        8.3122741314856738E-002
   88.000000000000000        8.1055045065009365E-002
   89.000000000000000        7.9054447228164543E-002
   90.000000000000000        7.7118841779998101E-002
   91.000000000000000        7.5246327437515637E-002
   92.000000000000000        7.3435180839108744E-002
   93.000000000000000        7.1683830935564408E-002
   94.000000000000000        6.9990834761401999E-002
   95.000000000000000        6.8354854737557549E-002
   96.000000000000000        6.6774637635268905E-002
   97.000000000000000        6.5248995307371410E-002
   98.000000000000000        6.3776787267533136E-002
   99.000000000000000        6.2356905170791885E-002
   100.00000000000000        6.0988259220734614E-002
   101.00000000000000        5.9669766500456856E-002
   102.00000000000000        5.8400341196766029E-002
   103.00000000000000        5.7178886660639985E-002
   104.00000000000000        5.6004289222395871E-002
   105.00000000000000        5.4875413657971744E-002
   106.00000000000000        5.3791100183711027E-002
   107.00000000000000        5.2750162841502017E-002
   108.00000000000000        5.1751389124387613E-002
   109.00000000000000        5.0793540685019865E-002
   110.00000000000000        4.9875354965669839E-002
   111.00000000000000        4.8995547588849934E-002
   112.00000000000000        4.8152815351787177E-002
   113.00000000000000        4.7345839675697506E-002
   114.00000000000000        4.6573290371650367E-002
   115.00000000000000        4.5833829598284775E-002
   116.00000000000000        4.5126115902179222E-002
   117.00000000000000        4.4448808248675580E-002
   118.00000000000000        4.3800569968770943E-002
   119.00000000000000        4.3180072565680190E-002
   120.00000000000000        4.2585999342207838E-002
   121.00000000000000        4.2017048826570577E-002
   122.00000000000000        4.1471937989252493E-002
   123.00000000000000        4.0949405256410588E-002
   124.00000000000000        4.0448213335918352E-002
   125.00000000000000        3.9967151880087287E-002
   126.00000000000000        3.9505040014292364E-002
   127.00000000000000        3.9060728763111056E-002
   128.00000000000000        3.8633103405241238E-002
   129.00000000000000        3.8221085785565941E-002
   130.00000000000000        3.7823636607558185E-002
   131.00000000000000        3.7439757722119160E-002
   132.00000000000000        3.7068494420342601E-002
   133.00000000000000        3.6708937728072093E-002
   134.00000000000000        3.6360226689968592E-002
   135.00000000000000        3.6021550620654222E-002
   136.00000000000000        3.5692151290851501E-002
   137.00000000000000        3.5371325007780459E-002
   138.00000000000000        3.5058424541843762E-002
   139.00000000000000        3.4752860846201494E-002
   140.00000000000000        3.4454104512510984E-002
   141.00000000000000        3.4161686905098423E-002
   142.00000000000000        3.3875200917260734E-002
   143.00000000000000        3.3594301297289429E-002
   144.00000000000000        3.3318704498089914E-002
   145.00000000000000        3.3048188012769722E-002
   146.00000000000000        3.2782589169027890E-002
   147.00000000000000        3.2521803367258746E-002
   148.00000000000000        3.2265781760583617E-002
   149.00000000000000        3.2014528389086486E-002
   150.00000000000000        3.1768096794866640E-002
   151.00000000000000        3.1526586158626586E-002
   152.00000000000000        3.1290137011881713E-002
   153.00000000000000        3.1058926591026367E-002
   154.00000000000000        3.0833163909973958E-002
   155.00000000000000        3.0613084636512723E-002
   156.00000000000000        3.0398945863564245E-002
   157.00000000000000        3.0191020869953060E-002
   158.00000000000000        2.9989593965942866E-002
   159.00000000000000        2.9794955516608278E-002
   160.00000000000000        2.9607397231133190E-002
   161.00000000000000        2.9427207798493688E-002
   162.00000000000000        2.9254668939925420E-002
   163.00000000000000        2.9090051936407405E-002
   164.00000000000000        2.8933614675505124E-002
   165.00000000000000        2.8785599246754636E-002
   166.00000000000000        2.8646230098832402E-002
   167.00000000000000        2.8515712755567042E-002
   168.00000000000000        2.8394233071940854E-002
   169.00000000000000        2.8281956996130644E-002
   170.00000000000000        2.8179030789847008E-002
   171.00000000000000        2.8085581647206575E-002
   172.00000000000000        2.8001718642510224E-002
   173.00000000000000        2.7927533929927462E-002
   174.00000000000000        2.7863104113442776E-002
   175.00000000000000        2.7808491703652887E-002
   176.00000000000000        2.7763746579163154E-002
   177.00000000000000        2.7728907374370098E-002
   178.00000000000000        2.7704002722184894E-002
   179.00000000000000        2.7689052289511368E-002
   180.00000000000000        2.7684067554715464E-002
