   0.0000000000000000       0.71249176778333967     
   1.0000000000000000       0.71205606170386859     
   2.0000000000000000       0.71075090362384163     
   3.0000000000000000       0.70858215823413884     
   4.0000000000000000       0.70555954758783201     
   5.0000000000000000       0.70169657308875211     
   6.0000000000000000       0.69701040753807197     
   7.0000000000000000       0.69152175847898312     
   8.0000000000000000       0.68525470440210279     
   9.0000000000000000       0.67823650567384730     
   10.000000000000000       0.67049739232226624     
   11.000000000000000       0.66207033105606949     
   12.000000000000000       0.65299077409945827     
   13.000000000000000       0.64329639259533200     
   14.000000000000000       0.63302679746039392     
   15.000000000000000       0.62222325066633311     
   16.000000000000000       0.61092836997093669     
   17.000000000000000       0.59918583013169646     
   18.000000000000000       0.58704006360291505     
   19.000000000000000       0.57453596364685122     
   20.000000000000000       0.56171859268196667     
   21.000000000000000       0.54863289854944608     
   22.000000000000000       0.53532344120578534     
   23.000000000000000       0.52183413214793739     
   24.000000000000000       0.50820798865205441     
   25.000000000000000       0.49448690466137496     
   26.000000000000000       0.48071143989769394     
   27.000000000000000       0.46692062849846239     
   28.000000000000000       0.45315180820252227     
   29.000000000000000       0.43944047082609289     
   30.000000000000000       0.42582013449139067     
   31.000000000000000       0.41232223779716165     
   32.000000000000000       0.39897605585742019     
   33.000000000000000       0.38580863788528946     
   34.000000000000000       0.37284476576622605     
   35.000000000000000       0.36010693285181961     
   36.000000000000000       0.34761534201403255     
   37.000000000000000       0.33538792183205579     
   38.000000000000000       0.32344035964114076     
   39.000000000000000       0.31178615005569893     
   40.000000000000000       0.30043665748793019     
   41.000000000000000       0.28940119111813684     
   42.000000000000000       0.27868709073310399     
   43.000000000000000       0.26829982183350054     
   44.000000000000000       0.25824307841881194     
   45.000000000000000       0.24851889188718626     
   46.000000000000000       0.23912774453580712     
   47.000000000000000       0.23006868621283036     
   48.000000000000000       0.22133945275222061     
   49.000000000000000       0.21293658491555773     
   50.000000000000000       0.20485554666757283     
   51.000000000000000       0.19709084172234120     
   52.000000000000000       0.18963612741227459     
   53.000000000000000       0.18248432504999437     
   54.000000000000000       0.17562772607163232     
   55.000000000000000       0.16905809336708377     
   56.000000000000000       0.16276675731641715     
   57.000000000000000       0.15674470616042804     
   58.000000000000000       0.15098267043587130     
   59.000000000000000       0.14547120130110899     
   60.000000000000000       0.14020074266493079     
   61.000000000000000       0.13516169710953688     
   62.000000000000000       0.13034448566777207     
   63.000000000000000       0.12573960157451761     
   64.000000000000000       0.12133765816278584     
   65.000000000000000       0.11712943111676559     
   66.000000000000000       0.11310589532726814     
   67.000000000000000       0.10925825662028998     
   68.000000000000000       0.10557797864739768     
   69.000000000000000       0.10205680523810773     
   70.000000000000000        9.8686778520171201E-002
   71.000000000000000        9.5460253114510688E-002
   72.000000000000000        9.2369906708306443E-002
   73.000000000000000        8.9408747303202793E-002
   74.000000000000000        8.6570117426549020E-002
   75.000000000000000        8.3847695582712420E-002
   76.000000000000000        8.1235495209419348E-002
   77.000000000000000        7.8727861391349935E-002
   78.000000000000000        7.6319465570280590E-002
   79.000000000000000        7.4005298478307377E-002
   80.000000000000000        7.1780661508370064E-002
   81.000000000000000        6.9641156724615794E-002
   82.000000000000000        6.7582675704204273E-002
   83.000000000000000        6.5601387392001331E-002
   84.000000000000000        6.3693725140200635E-002
   85.000000000000000        6.1856373096181944E-002
   86.000000000000000        6.0086252093735366E-002
   87.000000000000000        5.8380505195010236E-002
   88.000000000000000        5.6736483023020826E-002
   89.000000000000000        5.5151729017095329E-002
   90.000000000000000        5.3623964736127315E-002
   91.000000000000000        5.2151075326739231E-002
   92.000000000000000        5.0731095265377377E-002
   93.000000000000000        4.9362194474832116E-002
   94.000000000000000        4.8042664906670932E-002
   95.000000000000000        4.6770907671558316E-002
   96.000000000000000        4.5545420789442195E-002
   97.000000000000000        4.4364787621164789E-002
   98.000000000000000        4.3227666032298273E-002
   99.000000000000000        4.2132778329032221E-002
   100.00000000000000        4.1078901994894591E-002
   101.00000000000000        4.0064861246133100E-002
   102.00000000000000        3.9089519412894014E-002
   103.00000000000000        3.8151772143084448E-002
   104.00000000000000        3.7250541416170971E-002
   105.00000000000000        3.6384770345309403E-002
   106.00000000000000        3.5553418738269213E-002
   107.00000000000000        3.4755459380731629E-002
   108.00000000000000        3.3989874999801689E-002
   109.00000000000000        3.3255655861044585E-002
   110.00000000000000        3.2551797949070232E-002
   111.00000000000000        3.1877301679642249E-002
   112.00000000000000        3.1231171090443679E-002
   113.00000000000000        3.0612413457921827E-002
   114.00000000000000        3.0020039288959292E-002
   115.00000000000000        2.9453062638352529E-002
   116.00000000000000        2.8910501706076078E-002
   117.00000000000000        2.8391379671907056E-002
   118.00000000000000        2.7894725729006038E-002
   119.00000000000000        2.7419576282322645E-002
   120.00000000000000        2.6964976282037211E-002
   121.00000000000000        2.6529980666501782E-002
   122.00000000000000        2.6113655893146567E-002
   123.00000000000000        2.5715081539439796E-002
   124.00000000000000        2.5333351959118091E-002
   125.00000000000000        2.4967577981453784E-002
   126.00000000000000        2.4616888643241248E-002
   127.00000000000000        2.4280432944437175E-002
   128.00000000000000        2.3957381618984985E-002
   129.00000000000000        2.3646928912321848E-002
   130.00000000000000        2.3348294356469027E-002
   131.00000000000000        2.3060724532523887E-002
   132.00000000000000        2.2783494808909396E-002
   133.00000000000000        2.2515911042012702E-002
   134.00000000000000        2.2257311223986921E-002
   135.00000000000000        2.2007067060635817E-002
   136.00000000000000        2.1764585460581451E-002
   137.00000000000000        2.1529309915461252E-002
   138.00000000000000        2.1300721749828128E-002
   139.00000000000000        2.1078341218840682E-002
   140.00000000000000        2.0861728431810091E-002
   141.00000000000000        2.0650484080277798E-002
   142.00000000000000        2.0444249950568778E-002
   143.00000000000000        2.0242709202706068E-002
   144.00000000000000        2.0045586400166487E-002
   145.00000000000000        1.9852647278159156E-002
   146.00000000000000        1.9663698241849138E-002
   147.00000000000000        1.9478585590134628E-002
   148.00000000000000        1.9297194465108972E-002
   149.00000000000000        1.9119447532069768E-002
   150.00000000000000        1.8945303399742743E-002
   151.00000000000000        1.8774754795123035E-002
   152.00000000000000        1.8607826511860673E-002
   153.00000000000000        1.8444573155291449E-002
   154.00000000000000        1.8285076710909884E-002
   155.00000000000000        1.8129443966186265E-002
   156.00000000000000        1.7977803818044761E-002
   157.00000000000000        1.7830304499975053E-002
   158.00000000000000        1.7687110763592546E-002
   159.00000000000000        1.7548401049470801E-002
   160.00000000000000        1.7414364681248365E-002
   161.00000000000000        1.7285199115389817E-002
   162.00000000000000        1.7161107276617724E-002
   163.00000000000000        1.7042295006006181E-002
   164.00000000000000        1.6928968645142692E-002
   165.00000000000000        1.6821332775742229E-002
   166.00000000000000        1.6719588129768651E-002
   167.00000000000000        1.6623929680629420E-002
   168.00000000000000        1.6534544921501689E-002
   169.00000000000000        1.6451612332472582E-002
   170.00000000000000        1.6375300034068209E-002
   171.00000000000000        1.6305764621035970E-002
   172.00000000000000        1.6243150167044570E-002
   173.00000000000000        1.6187587388371134E-002
   174.00000000000000        1.6139192952723688E-002
   175.00000000000000        1.6098068918149588E-002
   176.00000000000000        1.6064302286523356E-002
   177.00000000000000        1.6037964656386253E-002
   178.00000000000000        1.6019111960889738E-002
   179.00000000000000        1.6007784278217085E-002
   180.00000000000000        1.6004005704041174E-002
