   0.0000000000000000        1.0322990477973748     
   1.0000000000000000        1.0316423393979333     
   2.0000000000000000        1.0296753619232581     
   3.0000000000000000        1.0264075316693866     
   4.0000000000000000        1.0218544532072094     
   5.0000000000000000        1.0160377866389212     
   6.0000000000000000        1.0089850640192202     
   7.0000000000000000        1.0007294571612524     
   8.0000000000000000       0.99130949962217851     
   9.0000000000000000       0.98076876619511144     
   10.000000000000000       0.96915551371509068     
   11.000000000000000       0.95652228740973599     
   12.000000000000000       0.94292549738433062     
   13.000000000000000       0.92842497012155056     
   14.000000000000000       0.91308348009429452     
   15.000000000000000       0.89696626673384916     
   16.000000000000000       0.88014054206395642     
   17.000000000000000       0.86267499430459482     
   18.000000000000000       0.84463929266902615     
   19.000000000000000       0.82610359842679770     
   20.000000000000000       0.80713808708787493     
   21.000000000000000       0.78781248628400025     
   22.000000000000000       0.76819563358869181     
   23.000000000000000       0.74835505813383107     
   24.000000000000000       0.72835658945600901     
   25.000000000000000       0.70826399654761962     
   26.000000000000000       0.68813865960446119     
   27.000000000000000       0.66803927646178707     
   28.000000000000000       0.64802160520281515     
   29.000000000000000       0.62813824391602080     
   30.000000000000000       0.60843844807810876     
   31.000000000000000       0.58896798555600727     
   32.000000000000000       0.56976902876054314     
   33.000000000000000       0.55088008305295033     
   34.000000000000000       0.53233595010865198     
   35.000000000000000       0.51416772458540494     
   36.000000000000000       0.49640282212878839     
   37.000000000000000       0.47906503647989362     
   38.000000000000000       0.46217462322981867     
   39.000000000000000       0.44574840759406503     
   40.000000000000000       0.42979991345716956     
   41.000000000000000       0.41433951086293552     
   42.000000000000000       0.39937457909670265     
   43.000000000000000       0.38490968252078561     
   44.000000000000000       0.37094675637928343     
   45.000000000000000       0.35748529988028849     
   46.000000000000000       0.34452257398791081     
   47.000000000000000       0.33205380150897451     
   48.000000000000000       0.32007236723505234     
   49.000000000000000       0.30857001609480328     
   50.000000000000000       0.29753704747952719     
   51.000000000000000       0.28696250412169549     
   52.000000000000000       0.27683435412740848     
   53.000000000000000       0.26713966498491765     
   54.000000000000000       0.25786476858867041     
   55.000000000000000       0.24899541652817106     
   56.000000000000000       0.24051692509027275     
   57.000000000000000       0.23241430960971229     
   58.000000000000000       0.22467240797368354     
   59.000000000000000       0.21727599324047880     
   60.000000000000000       0.21020987546862399     
   61.000000000000000       0.20345899297097300     
   62.000000000000000       0.19700849330777920     
   63.000000000000000       0.19084380441418555     
   64.000000000000000       0.18495069632156461     
   65.000000000000000       0.17931533397973781     
   66.000000000000000       0.17392432171962049     
   67.000000000000000       0.16876473991478025     
   68.000000000000000       0.16382417440743938     
   69.000000000000000       0.15909073926134903     
   70.000000000000000       0.15455309339248835     
   71.000000000000000       0.15020045161049156     
   72.000000000000000       0.14602259058073849     
   73.000000000000000       0.14200985019077983     
   74.000000000000000       0.13815313077662347     
   75.000000000000000       0.13444388663565285     
   76.000000000000000       0.13087411622465350     
   77.000000000000000       0.12743634941444454     
   78.000000000000000       0.12412363214760427     
   79.000000000000000       0.12092950882317652     
   80.000000000000000       0.11784800271229444     
   81.000000000000000       0.11487359469140856     
   82.000000000000000       0.11200120056515632     
   83.000000000000000       0.10922614723860541     
   84.000000000000000       0.10654414798828395     
   85.000000000000000       0.10395127707262977     
   86.000000000000000       0.10144394391475257     
   87.000000000000000        9.9018867083170911E-002
   88.000000000000000        9.6673048288954358E-002
   89.000000000000000        9.4403746609958275E-002
   90.000000000000000        9.2208453144159055E-002
   91.000000000000000        9.0084866284098647E-002
   92.000000000000000        8.8030867792851797E-002
   93.000000000000000        8.6044499848545300E-002
   94.000000000000000        8.4123943209202190E-002
   95.000000000000000        8.2267496632576806E-002
   96.000000000000000        8.0473557666805376E-002
   97.000000000000000        7.8740604907344136E-002
   98.000000000000000        7.7067181794096218E-002
   99.000000000000000        7.5451882000218809E-002
   100.00000000000000        7.3893336441272842E-002
   101.00000000000000        7.2390201910598015E-002
   102.00000000000000        7.0941151324542942E-002
   103.00000000000000        6.9544865539942935E-002
   104.00000000000000        6.8200026686468004E-002
   105.00000000000000        6.6905312938597875E-002
   106.00000000000000        6.5659394636385135E-002
   107.00000000000000        6.4460931651152742E-002
   108.00000000000000        6.3308571882070619E-002
   109.00000000000000        6.2200950762310289E-002
   110.00000000000000        6.1136691649253325E-002
   111.00000000000000        6.0114406971985911E-002
   112.00000000000000        5.9132700010942445E-002
   113.00000000000000        5.8190167188852039E-002
   114.00000000000000        5.7285400758826058E-002
   115.00000000000000        5.6416991784158363E-002
   116.00000000000000        5.5583533314805172E-002
   117.00000000000000        5.4783623677138349E-002
   118.00000000000000        5.4015869805979978E-002
   119.00000000000000        5.3278890560670776E-002
   120.00000000000000        5.2571319979556864E-002
   121.00000000000000        5.1891810439381285E-002
   122.00000000000000        5.1239035697258843E-002
   123.00000000000000        5.0611693802864524E-002
   124.00000000000000        5.0008509876913236E-002
   125.00000000000000        4.9428238758749861E-002
   126.00000000000000        4.8869667530782666E-002
   127.00000000000000        4.8331617930526490E-002
   128.00000000000000        4.7812948662209274E-002
   129.00000000000000        4.7312557619328233E-002
   130.00000000000000        4.6829384027393957E-002
   131.00000000000000        4.6362410512592454E-002
   132.00000000000000        4.5910665097503051E-002
   133.00000000000000        4.5473223119645079E-002
   134.00000000000000        4.5049209062821241E-002
   135.00000000000000        4.4637798285330973E-002
   136.00000000000000        4.4238218623480090E-002
   137.00000000000000        4.3849751843746870E-002
   138.00000000000000        4.3471734912772439E-002
   139.00000000000000        4.3103561051285308E-002
   140.00000000000000        4.2744680536355870E-002
   141.00000000000000        4.2394601216154251E-002
   142.00000000000000        4.2052888702746177E-002
   143.00000000000000        4.1719166211425178E-002
   144.00000000000000        4.1393114019604819E-002
   145.00000000000000        4.1074468524267715E-002
   146.00000000000000        4.0763020884225308E-002
   147.00000000000000        4.0458615241753579E-002
   148.00000000000000        4.0161146527270701E-002
   149.00000000000000        3.9870557860305869E-002
   150.00000000000000        3.9586837569744050E-002
   151.00000000000000        3.9310015865881995E-002
   152.00000000000000        3.9040161205850951E-002
   153.00000000000000        3.8777376402128139E-002
   154.00000000000000        3.8521794530869256E-002
   155.00000000000000        3.8273574702381123E-002
   156.00000000000000        3.8032897760002016E-002
   157.00000000000000        3.7799961975800385E-002
   158.00000000000000        3.7574978811738956E-002
   159.00000000000000        3.7358168813243164E-002
   160.00000000000000        3.7149757698488779E-002
   161.00000000000000        3.6949972701279227E-002
   162.00000000000000        3.6759039218277917E-002
   163.00000000000000        3.6577177802809523E-002
   164.00000000000000        3.6404601537717601E-002
   165.00000000000000        3.6241513809170366E-002
   166.00000000000000        3.6088106492184809E-002
   167.00000000000000        3.5944558547351867E-002
   168.00000000000000        3.5811035017157558E-002
   169.00000000000000        3.5687686399773037E-002
   170.00000000000000        3.5574648368569009E-002
   171.00000000000000        3.5472041797218690E-002
   172.00000000000000        3.5379973043352213E-002
   173.00000000000000        3.5298534438549974E-002
   174.00000000000000        3.5227804929165281E-002
   175.00000000000000        3.5167850811160202E-002
   176.00000000000000        3.5118726502850715E-002
   177.00000000000000        3.5080475302156473E-002
   178.00000000000000        3.5053130079533319E-002
   179.00000000000000        3.5036713864069167E-002
   180.00000000000000        3.5031240288019107E-002
