   0.0000000000000000        1.7040434934605391     
   1.0000000000000000        1.7039021492336826     
   2.0000000000000000        1.7034783123982553     
   3.0000000000000000        1.7027725699054150     
   4.0000000000000000        1.7017858980623848     
   5.0000000000000000        1.7005196596255094     
   6.0000000000000000        1.6989755997506368     
   7.0000000000000000        1.6971558408207998     
   8.0000000000000000        1.6950628761765991     
   9.0000000000000000        1.6926995627799708     
   10.000000000000000        1.6900691128470968     
   11.000000000000000        1.6871750844910338     
   12.000000000000000        1.6840213714191483     
   13.000000000000000        1.6806121917347006     
   14.000000000000000        1.6769520758957808     
   15.000000000000000        1.6730458538883428     
   16.000000000000000        1.6688986416732210     
   17.000000000000000        1.6645158269697518     
   18.000000000000000        1.6599030544409807     
   19.000000000000000        1.6550662103473117     
   20.000000000000000        1.6500114067369871     
   21.000000000000000        1.6447449652427839     
   22.000000000000000        1.6392734005549887     
   23.000000000000000        1.6336034036408709     
   24.000000000000000        1.6277418247806597     
   25.000000000000000        1.6216956564894338     
   26.000000000000000        1.6154720163932310     
   27.000000000000000        1.6090781301263730     
   28.000000000000000        1.6025213143151678     
   29.000000000000000        1.5958089597110809     
   30.000000000000000        1.5889485145340636     
   31.000000000000000        1.5819474680840002     
   32.000000000000000        1.5748133346752995     
   33.000000000000000        1.5675536379464348     
   34.000000000000000        1.5601758955928779     
   35.000000000000000        1.5526876045682587     
   36.000000000000000        1.5450962267948936     
   37.000000000000000        1.5374091754210077     
   38.000000000000000        1.5296338016580391     
   39.000000000000000        1.5217773822274796     
   40.000000000000000        1.5138471074426998     
   41.000000000000000        1.5058500699472543     
   42.000000000000000        1.4977932541271866     
   43.000000000000000        1.4896835262109698     
   44.000000000000000        1.4815276250669325     
   45.000000000000000        1.4733321537042738     
   46.000000000000000        1.4651035714802176     
   47.000000000000000        1.4568481870124252     
   48.000000000000000        1.4485721517924586     
   49.000000000000000        1.4402814544930549     
   50.000000000000000        1.4319819159589795     
   51.000000000000000        1.4236791848685730     
   52.000000000000000        1.4153787340505473     
   53.000000000000000        1.4070858574383009     
   54.000000000000000        1.3988056676419649     
   55.000000000000000        1.3905430941164831     
   56.000000000000000        1.3823028819024328     
   57.000000000000000        1.3740895909148474     
   58.000000000000000        1.3659075957541076     
   59.000000000000000        1.3577610860119753     
   60.000000000000000        1.3496540670450698     
   61.000000000000000        1.3415903611874971     
   62.000000000000000        1.3335736093739678     
   63.000000000000000        1.3256072731445283     
   64.000000000000000        1.3176946370020137     
   65.000000000000000        1.3098388110934649     
   66.000000000000000        1.3020427341870360     
   67.000000000000000        1.2943091769163784     
   68.000000000000000        1.2866407452650310     
   69.000000000000000        1.2790398842640285     
   70.000000000000000        1.2715088818767468     
   71.000000000000000        1.2640498730458820     
   72.000000000000000        1.2566648438784120     
   73.000000000000000        1.2493556359454401     
   74.000000000000000        1.2421239506749191     
   75.000000000000000        1.2349713538163689     
   76.000000000000000        1.2278992799579187     
   77.000000000000000        1.2209090370771654     
   78.000000000000000        1.2140018111086008     
   79.000000000000000        1.2071786705115495     
   80.000000000000000        1.2004405708238186     
   81.000000000000000        1.1937883591874479     
   82.000000000000000        1.1872227788341663     
   83.000000000000000        1.1807444735193275     
   84.000000000000000        1.1743539918942354     
   85.000000000000000        1.1680517918078905     
   86.000000000000000        1.1618382445302593     
   87.000000000000000        1.1557136388901654     
   88.000000000000000        1.1496781853219225     
   89.000000000000000        1.1437320198157173     
   90.000000000000000        1.1378752077676444     
   91.000000000000000        1.1321077477261015     
   92.000000000000000        1.1264295750320439     
   93.000000000000000        1.1208405653512561     
   94.000000000000000        1.1153405380975154     
   95.000000000000000        1.1099292597460459     
   96.000000000000000        1.1046064470372701     
   97.000000000000000        1.0993717700712988     
   98.000000000000000        1.0942248552940623     
   99.000000000000000        1.0891652883763601     
   100.00000000000000        1.0841926169874432     
   101.00000000000000        1.0793063534650136     
   102.00000000000000        1.0745059773837997     
   103.00000000000000        1.0697909380250341     
   104.00000000000000        1.0651606567493308     
   105.00000000000000        1.0606145292756060     
   106.00000000000000        1.0561519278687317     
   107.00000000000000        1.0517722034387194     
   108.00000000000000        1.0474746875542218     
   109.00000000000000        1.0432586943731823     
   110.00000000000000        1.0391235224934126     
   111.00000000000000        1.0350684567258710     
   112.00000000000000        1.0310927697933436     
   113.00000000000000        1.0271957239571696     
   114.00000000000000        1.0233765725745727     
   115.00000000000000        1.0196345615890725     
   116.00000000000000        1.0159689309563504     
   117.00000000000000        1.0123789160078374     
   118.00000000000000        1.0088637487542103     
   119.00000000000000        1.0054226591308317     
   120.00000000000000        1.0020548761871153     
   121.00000000000000       0.99875962922163586     
   122.00000000000000       0.99553614886475161     
   123.00000000000000       0.99238366811036649     
   124.00000000000000       0.98930142329838877     
   125.00000000000000       0.98628865504933738     
   126.00000000000000       0.98334460915248045     
   127.00000000000000       0.98046853740878481     
   128.00000000000000       0.97765969842992795     
   129.00000000000000       0.97491735839451266     
   130.00000000000000       0.97224079176260847     
   131.00000000000000       0.96962928194967957     
   132.00000000000000       0.96708212196090870     
   133.00000000000000       0.96459861498692689     
   134.00000000000000       0.96217807496189056     
   135.00000000000000       0.95981982708487090     
   136.00000000000000       0.95752320830547433     
   137.00000000000000       0.95528756777463020     
   138.00000000000000       0.95311226726147280     
   139.00000000000000       0.95099668153725025     
   140.00000000000000       0.94894019872720314     
   141.00000000000000       0.94694222063137312     
   142.00000000000000       0.94500216301531459     
   143.00000000000000       0.94311945587170465     
   144.00000000000000       0.94129354365387219     
   145.00000000000000       0.93952388548228705     
   146.00000000000000       0.93780995532507805     
   147.00000000000000       0.93615124215367507     
   148.00000000000000       0.93454725007469563     
   149.00000000000000       0.93299749843922064     
   150.00000000000000       0.93150152193063052     
   151.00000000000000       0.93005887063220083     
   152.00000000000000       0.92866911007565567     
   153.00000000000000       0.92733182127193381     
   154.00000000000000       0.92604660072539347     
   155.00000000000000       0.92481306043273137     
   156.00000000000000       0.92363082786787565     
   157.00000000000000       0.92249954595413297     
   158.00000000000000       0.92141887302486170     
   159.00000000000000       0.92038848277394036     
   160.00000000000000       0.91940806419730481     
   161.00000000000000       0.91847732152679173     
   162.00000000000000       0.91759597415754535     
   163.00000000000000       0.91676375657018039     
   164.00000000000000       0.91598041824890697     
   165.00000000000000       0.91524572359677303     
   166.00000000000000       0.91455945184914644     
   167.00000000000000       0.91392139698652675     
   168.00000000000000       0.91333136764773548     
   169.00000000000000       0.91278918704446765     
   170.00000000000000       0.91229469287817155     
   171.00000000000000       0.91184773726012980     
   172.00000000000000       0.91144818663558769     
   173.00000000000000       0.91109592171269482     
   174.00000000000000       0.91079083739697397     
   175.00000000000000       0.91053284273195501     
   176.00000000000000       0.91032186084654454     
   177.00000000000000       0.91015782890963759     
   178.00000000000000       0.91004069809239385     
   179.00000000000000       0.90997043353852602     
   180.00000000000000       0.90994701434288405     
