           0   3.6295452010544884        3.6295452010544884     
           1  0.56540529039616472        4.1949504914506530     
           2   5.3843122023732780E-002   4.2487936134743860     
           3   4.9738295019874576E-003   4.2537674429763737     
           4   4.4356436677925120E-004   4.2542110073431525     
           5   3.9233564075095513E-005   4.2542502409072274     
           6   3.7021689942680231E-006   4.2542539430762218     
           7   4.2816431509984785E-007   4.2542543712405365     
           8   8.0854368789031614E-008   4.2542544520949050     
           9   5.8968302192186600E-008   4.2542545110632073     
